    GV.0	GV.1	MI.0	MI.1	MII.0	MII.1	PN.0	PN.1	CL.0	CL.1	MOR.0	MOR.1	ICM.0	ICM.1	TROPH.0	TROPH.1
HERV-Fc1_LTR1	1	1	0	0	0	0	0	0	16	22	16	10	9	20	7	9
MER9a2	35	36	37	48	28	22	127	34	3767	3060	138	142	192	213	103	249
SVA_D	584	810	709	746	445	360	1842	326	46077	41521	9587	9643	9550	10143	6435	7691
SVA_E	43	89	66	57	58	36	170	29	4251	3510	728	765	798	822	440	544
(GTCTG)n	1	0	9	18	1	0	2	0	46	41	24	43	38	43	23	39
SVA_C	34	44	110	133	50	53	161	44	3244	2830	831	871	1075	1128	602	737
HSATII	40	42	1440	1287	64	41	143	24	3044	1847	1921	1966	151	281	102	297
SVA_B	123	163	154	232	122	85	240	97	4293	4006	896	933	1318	1284	710	923
(TCCGG)n	2	2	4	0	0	0	0	0	10	13	8	18	8	10	16	13
SAR	1	1	4	1	1	0	9	1	133	102	47	17	2	0	3	14
HERVKC4-int	2	12	3	5	4	3	7	1	105	65	35	24	67	83	39	32
L1P4b	19	30	7	16	10	10	10	4	162	130	33	19	55	17	23	31
ALR/Alpha	237	164	4052	3534	264	160	440	123	7405	3392	4310	3972	583	643	378	1024
HERV1_LTRd	0	2	0	0	0	0	0	1	12	18	19	18	30	28	14	20
(CGGTG)n	1	0	0	1	0	0	0	0	6	7	3	5	3	3	1	1
(TTAG)n	2	0	3	2	0	0	2	1	47	14	63	95	100	153	63	79
L1P4c	2	0	7	6	0	0	0	0	1	12	6	3	11	7	3	6
(CTTA)n	2	1	10	3	0	1	1	0	17	10	10	7	13	4	11	12
THE1-int	12	25	50	19	2	1	7	3	89	53	79	74	103	108	84	68
(TCTTG)n	0	4	0	0	1	0	2	0	9	26	8	7	13	27	9	11
LTR21A	12	11	1	15	6	6	9	3	95	73	15	15	15	16	14	6
HERVL-int	397	392	601	573	231	149	413	213	3869	3173	1979	1841	1912	2059	1740	1809
THE1A-int	370	354	325	340	131	87	223	137	2377	1701	609	606	862	773	584	712
HERVFH21-int	6	5	19	35	6	5	14	13	144	165	38	54	43	38	34	33
(AAATG)n	81	89	47	50	28	8	33	11	267	223	102	73	292	184	107	93
LTR5B	64	83	76	78	17	8	78	43	691	607	621	628	1079	1074	475	479
(GCTG)n	10	24	16	25	10	18	7	0	49	37	14	7	8	9	10	11
THE1D-int	271	302	258	308	92	58	221	94	1911	1391	471	444	606	591	377	458
HERVK11-int	24	25	42	59	16	12	60	16	503	299	119	117	182	207	122	117
(TTCTG)n	3	2	3	0	1	0	0	1	11	9	3	2	5	4	4	8
MER57E3	59	87	56	93	42	36	88	37	700	593	293	290	447	465	286	312
SVA_F	1608	2249	1152	1490	1588	1151	1712	1056	15013	13395	3179	3240	3072	3095	2210	2634
MSTC-int	57	46	34	13	24	18	29	26	288	292	56	57	29	58	32	67
ACRO1	57	71	111	62	41	28	1176	762	10565	8696	5218	5709	4858	4625	5235	5504
THE1B-int	616	665	839	719	133	107	344	217	3208	2329	1712	1796	2338	2041	1567	1769
GSAT	20	8	13	3	7	12	25	11	230	141	7	16	3	3	3	15
(TAATG)n	1	0	1	0	0	0	0	0	7	1	6	5	4	3	1	3
U6	20	15	39	16	7	8	16	12	151	109	147	166	152	199	129	137
Ricksha_a	9	7	21	21	3	10	5	1	39	23	23	17	8	8	21	14
LTR7B	279	362	206	305	200	126	259	187	2128	1806	697	743	748	623	579	629
HY3	5	1	11	5	0	2	2	0	12	13	8	13	27	17	18	14
SATR2	9	7	19	48	1	1	18	8	140	97	41	29	42	38	36	30
LTR38-int	7	6	13	12	5	1	12	4	87	61	8	25	21	24	5	10
HY4	2	0	3	0	1	1	1	1	10	14	16	14	16	26	8	16
L1P2	289	308	593	563	179	67	227	154	1978	1328	875	933	1307	1191	749	915
HSATI	7	6	38	20	14	5	14	5	115	58	17	17	5	5	4	14
L1PA5	2080	2169	3033	3154	708	398	1167	793	9544	6864	5459	5712	7932	7638	5112	5675
(AATTG)n	0	3	0	0	0	0	0	0	2	7	1	0	5	1	0	4
(GGAAA)n	0	2	15	6	4	0	4	0	23	18	9	7	4	7	8	16
AluYd8	7	8	18	15	10	5	6	4	51	36	55	49	61	55	58	63
(CATCG)n	0	0	0	0	0	0	0	0	5	3	0	3	0	2	2	2
(CTCCG)n	0	1	0	0	1	0	0	0	0	7	1	2	2	3	1	2
HERV-Fc2-int	0	0	5	0	0	0	0	0	4	3	6	6	29	5	8	16
L1P3b	8	4	0	0	4	0	1	3	19	20	18	15	3	5	5	10
HERVP71A-int	59	45	102	92	13	12	52	34	353	317	167	173	279	308	170	243
HSAT5	20	24	18	17	3	5	14	8	86	89	34	77	64	68	45	60
HERVL66-int	14	9	14	3	12	6	15	14	127	105	41	41	34	45	23	36
(TTTAA)n	8	3	17	10	0	1	4	3	43	19	24	27	37	27	10	26
(CTATA)n	3	1	6	0	0	0	1	1	7	15	8	4	7	9	3	8
Tigger2b	6	4	13	7	6	1	2	4	31	23	18	14	8	32	13	5
LTR4	9	14	29	20	10	2	25	15	153	149	51	48	56	37	42	35
MER11B	75	76	130	123	37	29	85	78	622	581	313	305	467	382	312	338
LTR35	20	15	15	26	6	4	12	10	79	84	64	47	39	43	37	37
(CAAAG)n	1	0	7	2	0	1	1	0	10	4	1	1	0	1	1	3
(GCTTG)n	4	0	4	5	2	2	0	0	3	3	2	1	2	4	1	1
Charlie1b_Mars	1	0	2	4	1	0	0	2	20	3	2	13	5	10	2	4
Harlequin-int	106	110	190	186	46	33	97	98	799	554	1168	1293	2352	2342	1516	1655
(TATAA)n	34	19	72	37	15	8	23	14	184	80	58	98	148	93	54	161
(CACGT)n	0	0	0	0	0	0	1	0	11	6	0	0	0	0	0	0
MLT2A1	486	537	411	454	258	196	323	208	1796	1514	901	845	893	897	644	662
(TTAAA)n	6	2	6	11	3	0	2	2	26	7	17	7	26	7	10	13
SATR1	27	33	73	115	8	1	27	39	235	184	129	152	149	143	74	91
THE1C-int	263	295	396	392	99	70	144	91	745	688	495	526	631	543	394	421
AluYh9	29	35	46	20	9	16	17	8	67	89	66	54	58	67	55	59
(CTAGG)n	0	0	1	0	0	0	0	0	1	4	2	4	3	0	1	6
(TCCCG)n	1	3	4	0	1	0	1	0	8	4	3	1	5	6	3	0
(CGAAT)n	0	0	6	1	0	0	0	0	3	3	1	0	0	0	0	4
MER6C	38	34	31	19	27	12	25	20	159	110	60	64	81	69	73	85
MER70-int	48	58	21	55	27	32	55	25	233	215	82	88	82	114	90	121
MER88	15	10	12	11	6	3	11	4	43	45	32	12	16	36	16	14
HERV-Fc1_LTR2	5	7	0	5	1	1	5	1	24	15	2	3	1	2	5	4
LTR46-int	6	15	17	39	10	14	31	21	129	162	96	73	78	43	38	27
UCON16	1	2	7	0	0	0	2	0	14	3	5	4	3	5	2	3
L1PA8	1001	1049	1331	1297	421	312	643	447	3359	2623	2090	2114	2715	2380	1763	2124
HERV30-int	35	45	75	38	12	10	5	11	47	48	93	82	101	50	128	104
(CTTTG)n	1	1	0	0	0	1	1	0	7	3	5	3	0	4	3	7
L1PA6	1481	1456	2241	2486	752	509	1120	780	5940	4333	3575	3812	5336	4667	3211	3579
(CGAAA)n	0	0	0	0	0	0	1	2	13	8	3	4	0	1	1	2
MER68B	44	57	53	129	55	35	39	39	220	189	137	130	179	144	157	157
HY1	19	22	22	20	22	10	9	10	58	44	43	52	81	78	52	37
LTR14	10	22	7	6	12	4	23	6	95	56	42	32	44	47	31	48
LTR70	265	243	246	293	131	94	249	164	1150	931	454	456	655	550	492	590
L1PA2	1890	2223	1295	1449	716	521	972	674	4812	3494	2338	2565	3144	3376	2094	2537
L1PA4	3012	2946	3528	3600	1142	688	1813	1208	8892	6240	4988	5118	6786	6247	4524	5083
UCON22	1	1	0	0	1	1	1	0	6	3	2	2	11	1	0	3
MLT1E-int	1	0	7	0	0	0	2	0	14	5	1	0	0	0	1	0
(CACTA)n	29	37	14	15	13	5	12	15	62	77	32	66	33	60	33	14
(TTA)n	354	248	562	519	299	157	400	310	2234	1331	449	513	630	492	338	602
(GCCTAA)n	1	1	0	0	1	0	0	0	4	0	2	6	0	1	2	3
AluYc3	33	35	64	73	28	19	40	30	207	134	163	117	202	182	151	118
L1HS	402	430	430	426	145	102	197	140	875	730	622	647	884	853	577	668
MSTA-int	435	479	459	593	168	124	256	172	1258	783	898	900	1206	1124	899	984
(CCCGAA)n	0	0	0	0	0	0	0	0	6	0	0	0	0	0	0	0
(CTATT)n	7	11	7	19	4	3	2	3	19	9	13	13	5	8	16	12
LTR75B	7	16	25	18	13	7	16	17	85	74	39	36	52	37	33	32
(CCTG)n	31	41	42	46	22	11	28	20	133	95	52	40	113	85	59	57
LTR13_	3	13	7	19	5	5	7	5	33	29	24	8	9	2	15	11
MER30B	40	41	22	41	28	30	28	21	110	119	78	84	79	124	63	91
(TACTG)n	0	3	3	2	0	0	0	0	0	4	3	2	4	0	2	4
(TTCTCC)n	3	1	13	18	2	1	4	6	37	15	16	18	18	6	10	10
(GCGTG)n	1	0	1	1	0	0	1	2	4	12	8	6	15	9	8	9
LTR19-int	33	36	57	71	15	14	24	26	108	115	184	195	210	157	218	211
(CAACT)n	14	29	15	5	24	13	9	10	32	55	18	19	8	12	25	24
(GAATG)n	28	56	40	52	19	5	22	14	59	101	30	14	20	14	14	12
Charlie6	21	20	15	27	11	11	18	11	76	53	48	47	45	58	35	51
UCON26	7	2	22	13	7	5	3	6	26	18	18	13	19	9	9	9
SVA_A	311	380	382	489	288	233	376	300	1536	1384	296	268	341	309	245	333
LTR39-int	3	11	13	4	4	5	1	4	14	12	17	19	19	11	4	5
(ATTTG)n	0	2	2	2	0	0	0	0	0	3	1	2	2	2	5	4
LTR5	32	28	34	47	111	242	138	96	591	422	663	651	974	1337	788	655
L1PA8A	492	411	601	730	230	131	337	261	1463	1088	955	951	1511	1356	771	881
(CACAA)n	22	26	23	4	13	7	21	10	63	72	20	18	10	12	3	7
(CAGAA)n	0	2	0	0	0	0	0	1	2	5	7	15	18	9	4	12
LTR12B	16	19	38	44	22	9	22	16	104	61	52	53	48	45	48	32
(CCGGG)n	1	0	1	1	1	3	0	0	0	3	3	1	3	1	1	1
LTR3A	47	56	44	57	53	27	36	36	182	123	255	270	355	298	370	392
MER92A	10	15	23	3	3	2	5	5	18	27	19	19	19	23	14	12
HERV35I-int	87	86	167	160	47	43	71	48	327	170	168	163	215	184	134	200
L1PA3	3430	3584	3295	3499	1596	1128	2196	1495	8587	6243	4885	5028	6778	6343	4283	5052
(CATTT)n	4	3	11	2	1	3	8	4	35	20	15	12	11	5	1	18
MER99	12	21	9	20	15	7	9	10	70	15	34	23	20	18	23	22
L1P4e	25	33	18	37	12	9	17	7	50	47	27	18	33	36	25	26
(GAGTG)n	13	27	10	11	10	7	11	12	61	35	21	20	16	16	15	14
L1PB	293	303	326	284	171	101	214	144	801	611	345	321	300	361	259	321
MER11C	295	359	199	249	195	156	230	142	786	665	330	289	463	410	273	344
MLT1E2-int	10	6	7	13	5	12	9	14	45	50	24	34	32	22	23	41
AluYf5	17	16	17	12	15	6	15	10	63	38	55	54	62	57	47	62
MER21-int	124	129	135	151	86	45	94	70	380	257	276	260	315	308	269	299
DNA1_Mam	4	5	22	8	9	4	8	6	32	25	32	22	29	40	19	18
Looper	70	68	108	110	74	20	57	52	259	169	204	207	263	252	192	263
(CTTTA)n	0	0	1	0	0	0	0	0	4	0	0	3	2	2	0	1
L1PA17	892	768	1026	896	430	261	619	456	2496	1602	1186	1148	1498	1344	1113	1180
AluYf4	157	153	195	339	118	76	132	103	452	432	379	371	384	496	325	335
(TTCGGG)n	0	0	0	1	0	0	0	0	6	0	0	0	0	0	0	0
MER11A	162	171	207	224	102	67	162	127	629	452	590	533	1418	1233	435	499
Tigger6b	30	21	73	43	11	6	20	9	43	64	41	43	75	72	46	55
(GTATG)n	1	2	0	0	0	0	1	0	0	6	5	2	2	3	2	3
(ATAAG)n	1	2	0	3	0	0	0	0	5	0	2	0	0	4	0	0
(TTGTG)n	8	6	0	5	4	4	1	2	8	6	3	6	2	3	6	4
MER41G	96	92	64	61	35	24	25	45	139	123	36	34	25	22	21	30
GC_rich	1009	1507	2185	3210	1498	1429	2194	1468	6471	6560	14084	14792	9747	15479	15016	14218
(GGGAGA)n	8	13	9	24	21	10	26	26	103	86	52	46	61	65	38	32
U5	8	2	7	27	4	4	4	9	23	27	25	21	25	42	20	32
LTR7A	1	2	3	0	0	1	0	0	2	1	0	3	1	1	2	0
(TAAAAA)n	15	9	24	28	34	15	15	14	73	34	33	27	30	32	23	40
AluSq4	167	185	222	280	167	106	190	112	550	495	370	388	461	465	348	418
(CAGTC)n	0	0	0	0	0	0	0	0	2	1	0	0	0	0	3	1
LTR73	29	44	20	39	22	9	27	12	82	56	43	41	54	51	41	35
MER123	5	3	0	3	3	2	0	3	12	3	8	3	0	3	6	7
(TAAAA)n	51	51	100	89	58	28	61	49	251	139	81	92	118	108	61	72
(CGAA)n	0	0	0	2	0	0	0	0	4	2	0	0	0	0	0	0
(AGGTG)n	11	14	10	6	9	6	9	7	28	30	9	3	6	6	4	3
(TAAG)n	5	2	5	8	3	2	2	5	14	14	8	2	2	7	3	7
LTR26	82	84	103	87	59	34	81	53	254	207	74	75	68	70	68	65
HERVK-int	269	287	319	282	219	140	315	205	1030	751	6168	6331	12335	12164	5006	5028
MER52-int	62	79	61	66	39	14	49	35	152	137	80	108	128	118	62	81
(CGGG)n	0	0	0	0	0	2	0	0	2	2	0	0	0	1	0	2
BSR/Beta	1699	2199	1094	1248	1144	778	1696	1223	5272	4616	2352	2376	3054	2667	2153	2308
(CTCG)n	0	1	0	1	1	0	1	0	4	3	0	0	0	5	2	0
LTR59	11	9	10	11	1	2	7	5	21	22	16	15	25	10	10	5
L1P1	566	554	615	731	359	225	496	349	1686	1158	776	747	978	949	668	724
(CACCT)n	8	13	7	4	3	2	3	17	44	29	65	62	111	77	62	45
AluYk12	13	8	16	12	10	5	8	4	31	12	34	33	22	57	33	48
THE1B	2214	2459	2140	2438	1296	828	1740	1301	5634	4443	3655	3754	4179	4009	3494	3691
Tigger3a	892	1016	969	1011	520	372	623	501	2072	1657	1493	1561	1781	1691	1428	1684
MLT1D-int	93	88	161	198	128	70	96	63	269	253	107	109	119	147	88	124
MER34C	30	26	37	43	26	13	26	22	102	61	34	34	22	23	14	31
(CCCGG)n	0	1	2	3	2	0	1	0	4	2	0	3	2	0	2	2
HERV-Fc1_LTR3	0	0	0	0	0	0	0	0	2	0	2	2	4	6	1	8
MSR1	59	63	76	61	61	40	65	58	202	195	140	134	143	183	111	105
(TCCG)n	7	34	32	60	39	34	47	28	93	145	158	190	202	298	193	179
LTR55	47	73	67	64	32	37	45	40	152	125	62	46	53	37	43	37
LTR57-int	67	73	81	89	45	34	79	56	265	171	75	86	61	51	52	100
LTR24	59	45	30	64	32	11	40	31	128	100	91	70	73	99	66	87
L1PA7	4757	4837	7494	6868	3336	1899	3033	2137	9827	6538	5895	6244	8645	8022	5126	6099
Merlin1_HS	10	11	25	36	10	10	5	7	14	26	30	44	60	34	10	31
(TTTAG)n	3	1	0	8	2	0	1	1	7	2	16	6	8	6	7	5
Kanga1a	95	78	153	181	68	36	74	55	235	172	131	122	135	146	110	167
HY5	0	0	3	2	0	0	0	0	0	2	1	4	6	6	5	0
(TTTCG)n	1	0	0	5	0	0	0	1	3	3	7	1	0	1	4	1
L1PB1	3048	3143	3515	3363	1733	1059	2393	1841	7850	5393	5056	5298	6903	6162	4545	5266
MER57D	51	53	74	59	46	23	59	25	159	102	96	120	104	150	103	92
MER65B	21	13	0	21	29	6	15	14	61	37	20	34	28	25	17	33
LTR5_Hs	459	428	285	303	270	182	442	333	1330	1064	2062	2172	2796	2821	1565	1731
(GGAA)n	125	125	157	165	105	66	125	106	366	345	164	190	187	179	135	134
(CTAAA)n	2	0	2	2	0	0	1	1	5	3	3	6	7	9	4	2
MSTB2-int	11	11	15	6	10	3	14	13	56	31	11	18	21	16	15	20
MER70C	48	56	20	19	30	23	42	42	126	132	35	43	46	47	32	28
UCON10	4	2	5	2	6	1	2	1	9	3	0	6	0	0	5	6
MSTB-int	196	213	139	213	99	48	116	111	376	321	199	188	275	232	142	195
Cheshire_Mars_	0	0	0	0	0	0	0	0	0	3	2	0	1	3	0	0
MamGyp-int	30	39	35	54	33	7	17	16	60	44	25	32	48	28	24	28
(TTGGGG)n	0	1	20	4	0	0	3	3	11	10	2	1	4	3	1	0
MER97a	19	8	20	58	14	7	23	8	66	31	26	23	25	27	21	34
MER83B-int	17	13	38	30	8	8	24	19	61	70	31	31	55	53	23	58
THE1A	490	507	511	641	316	196	438	337	1353	992	575	567	808	754	594	671
LTR24C	44	40	45	43	15	14	38	27	105	91	53	50	81	62	49	69
(CAGT)n	2	5	1	0	1	1	8	3	8	26	8	16	5	15	3	8
(CATGT)n	1	4	3	6	0	1	4	1	15	3	1	4	8	3	1	1
LTR45B	100	118	81	107	66	59	92	51	226	198	91	99	71	155	77	112
LTR21B	11	9	1	2	0	3	2	3	6	11	7	11	5	26	11	17
LTR22B	27	34	23	49	12	9	18	13	60	35	44	44	61	69	59	65
L1PB2	407	373	498	514	221	111	300	230	927	657	553	515	754	673	451	599
(CTACT)n	0	0	2	0	1	0	1	1	3	5	3	3	1	0	1	1
LTR19C	39	44	40	20	30	26	27	23	89	61	84	73	111	119	66	85
(CTA)n	31	38	43	36	29	14	32	14	80	56	30	38	39	56	44	43
HERVIP10FH-int	370	423	288	351	205	144	285	218	854	627	301	344	512	483	218	268
MER57E2	0	1	8	5	0	0	1	2	9	2	5	13	9	12	11	10
AluYa8	47	34	44	40	12	10	29	23	69	84	41	55	65	71	39	67
MLT1F2-int	48	54	69	75	24	13	48	39	147	111	84	84	90	78	61	98
(GTGTG)n	14	9	8	8	8	4	7	5	20	17	18	33	35	23	15	16
MLT1G1-int	47	51	83	96	32	23	38	44	140	105	41	52	71	83	48	70
(CCCTAA)n	23	34	69	20	10	14	32	24	108	66	44	58	421	47	46	44
Tigger3b	1246	1228	1761	1837	816	535	1041	789	3147	2208	2094	2178	2556	2324	2059	2198
Charlie14a	44	57	82	51	56	35	65	48	170	159	96	81	87	79	76	80
(CTAGT)n	0	1	0	6	0	0	2	1	16	0	1	0	0	0	0	3
(TTTC)n	258	215	390	463	286	125	247	206	797	530	460	428	664	636	401	443
(TTTTTA)n	82	55	123	133	70	41	83	66	284	154	182	215	266	180	196	318
MLT1A0-int	144	159	292	230	102	73	143	106	439	278	226	210	265	253	221	245
(TTATA)n	41	21	99	77	31	13	34	31	129	63	75	97	117	99	57	96
(CCGCG)n	7	24	10	7	7	7	12	6	24	29	1	2	3	2	0	1
MER106B	86	71	158	108	38	32	73	35	185	122	164	128	207	187	142	151
MER41D	53	39	45	65	22	25	52	38	151	107	91	102	125	146	79	123
LTR24B	83	91	79	95	89	58	102	74	287	213	262	235	140	163	247	297
MER65C	73	87	106	125	58	29	66	54	215	131	107	173	206	148	146	157
Charlie4	16	5	21	29	10	5	10	12	45	21	34	47	36	59	27	35
MLT1J1-int	67	85	51	75	37	37	54	36	141	115	40	64	80	33	46	49
HSAT6	0	0	0	0	0	0	0	0	5	0	0	0	0	0	2	0
(TTCGG)n	0	0	0	0	0	0	0	0	0	2	0	0	0	0	0	0
MLT1A1-int	141	125	105	61	85	54	80	59	235	160	124	112	118	106	82	85
L1PA11	926	948	1143	1209	557	349	538	439	1703	1061	1240	1256	1574	1370	1059	1233
MSTB1-int	60	54	42	30	28	26	34	20	88	64	52	55	68	35	42	34
Kanga1c	122	87	109	169	104	46	112	83	289	252	186	164	207	178	171	214
(CAAAC)n	15	8	37	16	11	9	16	11	45	32	20	23	33	29	20	23
MER104	232	203	313	316	156	98	213	137	553	410	376	377	482	358	384	394
MER44D	115	125	159	141	69	38	96	89	270	241	133	130	171	166	122	144
MERX	72	43	60	76	44	28	64	57	196	140	54	79	101	68	67	70
Charlie3	182	207	171	138	117	71	150	85	358	279	161	156	169	175	144	142
LTR56	148	179	212	180	89	67	169	106	395	348	216	205	316	289	201	240
HERV9-int	644	695	424	518	316	218	368	344	1050	895	560	569	696	676	506	574
L1PBa1	293	320	252	211	127	99	200	157	620	361	269	293	297	329	207	229
MER44C	187	221	242	268	173	109	181	128	493	344	345	355	406	349	277	391
HUERS-P2-int	78	91	82	99	32	28	54	32	129	103	67	63	89	71	39	42
MST-int	22	43	35	67	25	23	43	21	77	93	72	65	66	66	62	73
HERV15-int	8	20	138	98	9	12	44	26	79	107	31	27	29	30	15	27
U13_	0	0	0	0	0	0	0	0	2	0	0	1	6	1	2	0
L1M3c	174	170	257	247	161	83	151	122	415	316	220	205	278	295	182	226
(ATATG)n	0	2	5	1	1	1	1	2	6	4	2	4	13	3	5	5
LTR10G	37	51	29	50	25	16	46	21	102	77	49	33	101	46	44	53
(CAACC)n	0	0	0	0	0	0	0	0	1	3	0	0	0	2	0	0
(CCTAG)n	0	0	0	0	0	0	0	0	2	0	0	0	0	0	0	0
LOR1-int	229	216	256	377	195	134	223	177	682	395	278	287	369	290	192	295
MER110-int	21	29	55	40	28	17	36	28	102	70	69	107	96	97	70	65
(CTCA)n	78	67	34	32	41	35	74	58	205	147	90	110	59	102	80	89
LTR31	69	68	83	50	42	36	69	45	182	120	55	52	57	74	51	67
(TTTTA)n	193	121	339	238	167	111	169	124	531	254	323	329	455	367	275	479
(CGGGGG)n	18	18	27	27	30	26	17	17	46	44	18	17	33	32	28	22
X9_LINE	2	3	10	10	2	1	2	4	14	4	10	6	6	5	3	4
L1MA3	3388	3414	4036	3680	2573	1602	2765	2202	7629	5269	2975	2793	3903	3459	2501	3022
LTR13	279	345	318	274	253	161	384	311	1035	765	649	674	747	808	743	659
(CACTC)n	118	137	54	71	30	12	34	26	89	66	36	27	23	15	19	19
Charlie12	0	0	0	0	0	0	2	0	7	1	4	0	5	0	2	4
X1_LINE	4	2	10	25	4	4	2	4	4	13	4	13	13	8	5	1
LTR12D	420	494	277	323	306	221	388	288	964	750	159	151	172	171	123	132
(CAAGA)n	2	0	4	0	0	0	0	1	1	5	0	0	0	0	1	0
L1P	5	4	8	10	3	1	0	3	5	5	8	4	6	0	2	9
LTR10E	49	53	63	68	34	20	46	37	125	87	88	98	118	115	96	85
(CAATT)n	3	7	2	2	4	0	3	4	13	8	0	2	1	10	6	1
(CCCG)n	0	1	0	1	1	2	3	2	8	6	1	4	8	11	4	3
MER47C	320	249	359	353	256	119	250	213	734	446	768	794	608	539	741	877
L1PBb	33	43	25	71	25	21	41	22	87	71	56	49	33	65	28	29
(CCCCG)n	30	37	45	73	48	50	40	34	96	89	33	44	49	61	31	35
UCON12A	3	6	2	0	2	1	1	0	1	3	1	0	0	0	0	0
AluYc5	2	6	2	4	7	3	3	2	9	5	2	1	11	6	3	6
MLT-int	59	81	37	56	59	27	50	36	110	103	57	66	60	77	53	68
(TTAGG)n	0	1	0	0	0	0	0	0	2	0	1	0	1	2	0	2
AluYc	1399	1503	1311	1589	1020	728	1187	942	2909	2312	1620	1715	2110	1977	1508	1767
LTR47A	115	119	114	93	85	57	121	67	257	201	134	164	170	152	129	183
Charlie2a	219	212	443	372	158	103	255	224	713	474	435	468	462	360	389	433
(GGTTG)n	0	0	0	0	0	0	1	2	7	2	3	2	15	4	0	0
FordPrefect	240	291	199	226	163	107	218	192	566	436	91	83	89	61	64	74
(TTC)n	78	98	126	108	103	54	77	94	284	145	235	244	324	241	171	248
Charlie13b	34	37	51	43	24	15	41	28	92	75	79	60	64	87	68	57
UCON9	0	0	2	2	0	0	2	0	2	4	4	12	0	6	3	6
X8_LINE	41	20	44	36	15	13	20	20	59	40	28	39	38	35	28	38
HERV-Fc1-int	0	0	0	0	0	0	0	0	0	3	0	0	1	1	0	0
LTR86A2	34	33	32	49	35	17	30	21	86	39	87	108	93	83	89	89
(TCTCG)n	0	2	0	0	0	1	2	0	2	4	6	2	0	0	7	3
HERV1_LTRa	4	2	1	2	0	1	2	0	4	2	2	5	7	8	7	3
L1PA14	820	782	803	851	502	253	561	486	1473	1040	717	855	965	917	633	737
(CATTC)n	157	214	62	97	43	25	35	22	59	76	41	22	14	16	37	13
AluYb8	408	314	613	609	331	205	358	278	913	606	673	667	754	751	692	733
HERVI-int	104	114	206	187	115	74	262	191	629	447	610	697	743	734	645	683
Tigger1a_Art	55	44	57	45	28	19	31	41	97	77	156	181	168	147	139	178
(AATAG)n	2	3	4	0	2	0	3	2	5	8	4	5	6	11	6	8
L1M7	468	459	729	703	507	238	513	416	1345	874	778	829	1059	1011	816	908
LSAU	13	13	10	10	7	8	23	7	30	40	13	8	12	11	6	5
(TAAA)n	204	207	303	335	220	98	264	204	719	400	276	331	358	351	225	333
L1MA4	1847	1753	2855	2856	1678	1010	1825	1405	4629	3022	2502	2513	3257	2911	2457	2749
polypurine	269	264	149	140	95	87	122	91	259	240	60	74	95	149	59	96
LTR43	103	126	67	93	55	37	98	68	224	167	58	49	164	109	44	60
(CAGA)n	100	84	51	80	47	43	92	88	207	215	51	36	68	65	31	33
MER65D	91	109	93	96	79	36	97	71	220	173	76	107	133	131	120	130
LTR35A	26	31	18	45	14	16	17	10	33	31	13	25	11	8	12	18
AluYa5	1321	885	1677	1606	1273	614	1222	780	3046	1645	1656	1607	1977	1734	1352	1970
L1ME3D	1063	1013	953	1128	768	469	974	749	2373	1635	914	950	1069	975	888	1080
LTR43-int	6	5	4	16	2	1	14	9	32	24	8	4	4	0	5	3
L1M3	1318	1180	1707	1879	853	544	959	728	2415	1512	1556	1698	1881	1652	1380	1696
(TAGG)n	79	51	49	64	29	23	63	36	130	98	64	51	62	28	47	43
LTR16D1	24	22	17	17	14	4	27	12	24	63	18	26	20	13	33	24
LTR71A	58	69	47	83	49	40	43	43	142	62	44	41	46	61	37	47
MER57E1	104	106	73	111	63	28	60	44	116	120	91	108	69	83	68	76
LTR65	90	99	77	90	66	67	78	73	210	139	86	101	134	125	67	99
AluSg	9748	10465	10393	12564	8920	6096	9414	7199	20863	16705	12302	12255	13904	15903	11912	12750
MER21B	932	946	1037	1022	934	564	1087	918	2543	2002	2414	2677	2446	2441	2423	2334
L1M2c	100	81	158	130	71	51	93	63	187	164	103	124	135	108	85	130
(CTAAG)n	3	0	0	0	0	0	0	0	4	0	0	0	0	1	0	0
Zaphod2	56	59	61	71	49	17	52	29	109	74	77	57	93	85	60	76
(CATTG)n	0	1	3	3	0	3	0	0	2	0	2	0	0	0	0	0
UCON1	0	1	2	6	4	1	2	0	5	1	1	2	1	0	0	0
Charlie1	473	483	629	638	359	240	418	305	923	687	640	601	705	672	616	718
LTR40c	96	121	92	155	98	59	115	98	267	210	120	105	160	149	88	131
MER6B	97	90	127	184	119	55	103	97	272	178	233	224	247	256	210	240
(ACATG)n	1	2	0	2	0	0	7	0	12	5	3	4	7	2	7	4
MSTC	462	513	514	482	315	202	438	408	1138	720	489	506	523	631	471	504
(CAAT)n	44	54	26	54	31	23	25	30	84	40	32	44	63	55	52	64
LTR22	14	10	1	14	7	3	8	5	10	19	6	7	6	10	4	7
LTR87	119	113	182	106	63	40	78	88	192	171	165	144	192	178	118	119
L1M4c	2004	1788	3865	3917	2070	1184	1874	1498	4378	2944	1682	1551	2101	1944	1610	1769
AluSx	39150	39859	49542	50232	36887	23859	38475	29958	84362	63207	43570	44005	51190	53387	41976	46915
(ATTG)n	46	68	88	77	39	30	55	40	116	89	91	80	98	121	94	106
HERVH-int	52345	60391	42993	45079	43524	28151	44988	36623	95728	79070	55380	59442	42583	39591	42247	43766
MER72B	25	40	33	30	22	5	28	16	63	33	31	38	49	51	37	44
AluSc5	1319	1476	1452	1664	1289	904	1354	1054	2684	2436	1642	1722	2100	2194	1701	1755
MER61E	77	71	112	130	96	59	122	66	177	214	97	84	64	53	55	74
Charlie21a	79	76	123	149	65	51	76	58	188	100	144	158	139	145	140	158
(GAAA)n	244	217	350	338	268	185	274	192	613	377	243	263	362	361	159	217
MER9a1	57	56	122	49	47	45	75	74	174	145	143	116	125	92	93	101
(TTCCG)n	0	1	4	8	0	0	1	0	0	3	2	5	3	2	0	1
(ACGTG)n	0	0	8	1	0	0	3	0	8	1	0	0	2	0	0	3
L1P3	868	757	1427	1355	633	349	691	549	1543	1078	910	937	1079	996	823	1035
(GGGGA)n	11	17	8	21	10	9	17	11	33	27	13	21	31	16	14	20
MER75B	9	8	8	7	5	3	3	8	14	11	8	4	10	18	6	11
Eulor9B	1	0	1	0	0	0	0	0	2	0	0	4	0	2	1	0
(AACTG)n	1	0	0	0	0	1	0	0	2	0	1	0	4	0	0	0
LTR71B	60	74	40	49	38	27	44	37	88	82	33	48	46	43	32	44
Charlie1b	488	470	639	691	389	239	427	356	1010	642	632	609	699	715	568	679
MER94B	52	47	69	81	49	25	49	43	119	76	51	46	63	66	61	80
MER49	204	208	183	264	146	89	219	166	411	388	284	287	281	295	253	253
MER66C	70	76	70	94	36	14	73	58	154	120	70	77	88	78	50	50
(CCTA)n	23	25	26	24	13	7	15	10	20	32	24	21	37	34	29	34
MER92B	151	179	216	176	166	103	237	162	432	391	288	298	315	404	271	343
(CAATC)n	0	0	0	0	0	0	0	0	0	1	19	16	14	7	25	14
Charlie7	581	531	722	921	376	249	427	365	1016	648	661	696	727	731	658	686
Tigger4a	719	608	1144	1060	578	311	781	558	1800	1008	1152	1147	1512	1422	1215	1381
Charlie23a	177	206	268	288	141	80	150	126	317	257	225	213	232	240	209	251
MER127	25	23	27	32	14	8	26	17	67	25	16	20	29	40	27	31
UCON2	12	14	30	11	6	11	13	8	17	27	14	16	19	15	8	26
Mam_R4	60	54	81	73	30	26	56	36	102	88	87	76	104	116	76	97
FRAM	1567	1479	1612	1756	1285	780	1418	1165	3046	2312	1854	1874	2287	2332	1739	1895
HUERS-P3-int	162	143	174	172	104	47	146	115	344	203	257	270	265	212	193	239
LTR3	56	76	46	37	63	38	63	63	140	123	55	44	41	36	58	54
AluY	26082	25833	31625	36226	25655	16828	26564	20510	55013	42024	31552	32096	36931	40520	29323	32252
MER66D	16	27	17	22	13	5	34	20	76	38	28	17	24	15	11	25
MER34D	46	41	52	88	41	24	36	32	80	62	33	26	49	33	18	30
MER66B	282	386	378	394	222	196	381	300	823	581	212	183	259	206	176	215
UCON6	6	16	6	4	12	5	10	5	11	20	12	5	14	11	16	10
(CCCA)n	33	44	39	48	35	20	64	49	124	107	52	92	86	72	69	69
SST1	185	191	104	156	150	109	163	116	292	272	325	248	489	570	300	321
Cheshire	241	210	271	408	180	107	233	203	591	313	510	506	604	575	430	508
AluYk11	152	138	270	259	130	89	137	113	290	220	170	144	190	183	148	208
LTR28	134	139	122	113	91	59	122	86	189	227	114	174	168	171	111	133
THE1D	2623	2992	2066	2192	1324	864	1633	1278	3355	2553	1677	1619	2040	1681	1268	1510
L1PA15	3152	3075	3909	3802	2440	1320	2846	2178	6007	4194	2478	2567	3507	3258	2315	2463
SUBTEL_sa	0	2	0	6	5	3	3	0	5	3	0	0	0	0	0	0
Charlie9	207	198	270	187	164	92	171	146	386	260	270	222	297	233	182	271
Tigger7	531	572	660	718	434	254	503	353	958	755	752	723	957	922	676	757
MLT1G-int	37	43	55	56	46	42	51	33	96	73	49	59	55	69	46	49
MER45B	221	216	239	232	136	105	212	141	402	304	170	156	123	173	115	148
(CAAAT)n	2	0	3	0	0	1	0	0	0	2	2	0	0	0	1	0
(TTTTTG)n	226	182	398	301	242	131	308	188	674	329	397	370	518	457	405	550
(CAGTT)n	1	1	0	0	0	0	0	0	0	1	2	0	6	1	0	3
(TTTA)n	410	215	534	587	384	157	414	310	965	501	365	424	538	409	280	523
HUERS-P3b-int	231	220	268	159	178	112	271	188	532	380	129	139	218	203	139	155
L1M3e	149	136	113	170	72	37	107	68	203	144	142	154	182	174	134	125
Tigger2b_Pri	468	482	501	463	338	186	384	319	841	564	504	491	555	535	442	491
(CCCCAA)n	21	21	12	9	2	7	19	7	20	31	5	8	5	4	6	6
(CACTG)n	1	4	20	2	0	2	1	3	10	1	2	0	6	1	0	4
(TTCTC)n	34	29	33	35	23	11	17	8	29	21	19	32	23	25	18	25
LTR68	32	27	29	28	11	14	24	18	58	27	29	41	38	34	31	41
L1P4d	68	70	54	78	75	63	94	68	196	124	49	72	94	99	73	69
LTR43B	27	31	12	10	27	16	20	16	36	35	37	38	15	7	19	29
AluSx1	28630	29954	31235	36580	27388	18365	29056	22983	56779	44713	33238	32744	37524	40814	30561	33716
HERVK9-int	805	882	643	744	988	645	1336	1056	2606	2058	511	520	690	730	399	555
L1M3f	263	205	221	270	180	90	230	166	458	316	212	191	176	215	137	167
(CG)n	8	11	11	7	3	5	8	4	12	12	9	16	22	12	11	10
HERVK11D-int	49	35	36	66	23	19	16	25	43	39	2	0	20	23	2	2
MER82	853	891	903	996	621	370	768	645	1590	1150	890	924	1047	969	875	963
(CAGAT)n	0	0	0	0	0	0	0	0	1	0	0	0	0	0	0	0
(CCGG)n	0	0	0	0	0	0	0	0	1	0	0	0	0	0	0	0
L1M4b	1645	1481	2105	1899	1212	696	1364	1141	2828	2029	1687	1783	2039	1912	1658	1860
UCON4	20	19	25	29	16	18	13	19	38	26	14	37	32	31	27	39
LTR29	70	92	87	105	76	36	100	87	223	140	104	121	161	162	109	114
REP522	314	490	225	354	518	376	372	320	631	687	89	84	60	55	53	70
(CATTA)n	5	5	0	3	0	1	0	2	3	2	4	6	3	8	7	2
LTR86C	31	27	14	24	29	16	32	24	63	45	42	28	39	29	34	39
(TCTG)n	311	356	414	368	407	269	404	330	750	646	110	110	137	123	90	137
L1M2a1	34	44	24	20	23	13	28	17	48	38	23	19	20	28	15	12
LTR8	979	1070	1024	1039	746	527	886	769	1897	1273	992	939	1070	934	881	994
L1MA4A	1769	1816	2167	2122	1344	769	1523	1181	3006	2129	1477	1468	2036	1975	1471	1668
LTR61	36	26	85	72	30	13	70	67	125	134	55	46	67	64	49	79
MER4B-int	221	216	299	274	229	114	227	186	475	311	276	228	334	254	228	275
MER4A1_	99	100	121	92	57	34	64	55	139	88	64	77	105	85	71	57
L1PB3	1011	1019	1277	1345	737	485	891	736	1878	1198	1008	1061	1602	1376	838	1027
Tigger2	1498	1529	1571	1770	1215	834	1345	1066	2571	1930	1146	1022	1362	1226	1037	1153
AluSq	5358	5803	6021	7315	5027	3533	5552	4206	10117	8000	6511	6556	7863	8392	6221	6855
Tigger8	273	306	271	232	150	107	189	177	450	245	210	229	261	275	213	232
(CTAA)n	0	3	5	9	0	0	2	3	8	3	5	3	0	7	5	3
MER112	722	634	1018	1009	547	361	661	459	1288	799	917	932	989	1012	911	1090
AluSz6	11359	11843	13025	14489	10502	6988	11431	8822	20842	16632	13378	13558	15964	17442	13461	14268
Tigger4b	484	496	815	736	512	272	556	477	1235	709	777	759	860	896	671	892
LTR58	6	4	5	13	16	3	10	5	10	18	10	10	11	6	11	7
MER61C	49	54	75	45	46	37	60	41	99	87	56	44	56	51	33	52
HERVIP10F-int	411	457	432	435	311	225	442	327	801	615	713	679	952	744	835	810
(TAGA)n	290	247	300	317	208	137	291	253	577	429	301	356	324	330	229	257
LTR75_1	17	12	3	29	7	13	14	14	13	39	8	14	9	12	15	14
LTR23	201	185	165	165	119	85	162	122	305	218	174	173	201	268	202	214
FordPrefect_a	40	43	11	30	24	21	40	20	70	41	30	25	19	19	17	16
BC200	22	15	30	12	7	12	19	13	29	30	67	70	66	49	56	48
LTR10D	48	64	56	59	58	31	47	49	110	69	58	66	80	84	57	47
LTR38C	41	27	33	59	21	11	23	20	60	22	19	29	27	16	15	19
(TTCG)n	5	0	4	8	4	1	4	0	3	5	1	4	1	2	1	3
LTR90B	58	42	86	93	46	23	44	34	52	88	57	36	48	41	46	44
LTR83	82	64	68	99	80	46	104	54	167	119	96	103	119	103	112	109
MER58D	172	113	176	188	92	60	114	101	238	158	166	171	177	226	163	229
HAL1-3A_ME	153	169	132	186	111	87	144	112	269	198	156	146	249	208	136	152
(CTTAA)n	0	1	6	0	0	0	0	0	1	0	2	2	0	3	1	2
ERVL-int	155	164	178	191	124	73	120	130	232	223	154	172	178	211	151	132
(GGGA)n	19	23	20	23	19	16	24	26	49	43	29	38	30	67	18	20
AluYb9	4275	2995	10081	6661	4736	1684	3561	2439	7934	3253	1520	1501	2584	1435	1236	2165
LTR72	51	37	33	20	22	15	32	30	59	54	64	64	80	53	45	57
(ATAGG)n	0	0	3	0	1	0	0	0	0	1	0	2	0	1	1	2
(GGAGAA)n	35	30	86	51	71	31	14	10	14	29	13	10	3	3	7	7
MER90a	353	370	280	335	238	136	285	232	511	419	220	174	194	204	161	186
U7	32	24	12	24	27	6	33	31	70	48	10	21	21	23	12	12
Helitron2Na_Mam	29	16	68	101	16	9	53	27	64	77	90	59	95	76	91	106
Charlie17a	180	164	222	226	192	104	203	162	388	270	249	267	292	304	244	301
MLT1H1-int	35	41	30	72	35	25	72	74	163	105	52	42	47	59	23	48
Charlie2b	596	551	681	769	624	293	651	524	1275	847	673	642	812	674	571	755
(CACTT)n	0	0	0	0	0	0	0	0	0	1	0	1	0	0	0	0
(ACCG)n	0	0	0	0	0	0	0	1	4	0	0	0	0	0	0	0
AluSx4	1611	1741	1684	1918	1423	943	1495	1211	2627	2189	1604	1543	1867	2179	1594	1676
(CCTCG)n	10	13	0	4	5	8	20	7	16	31	8	9	18	12	12	15
L1MA10	828	783	1011	1024	598	389	782	612	1480	1011	667	660	827	799	526	678
L1PB4	1505	1501	1402	1413	936	549	1204	954	2313	1548	1213	1327	1563	1463	997	1204
(GAA)n	182	199	284	190	252	185	200	135	294	295	129	134	120	100	119	125
AluYk4	400	407	499	588	434	313	548	359	959	645	461	428	502	572	411	469
(AGGGGG)n	6	17	5	9	20	9	12	13	18	27	11	20	15	24	6	16
LTR81C	93	85	104	87	57	54	105	61	168	124	78	90	135	112	62	109
MSTB	1640	1957	1290	1424	944	614	1303	1061	2443	1747	1542	1470	1726	1719	1269	1486
L1MEa	55	59	67	88	57	37	62	44	135	56	44	57	61	65	50	51
Arthur1	417	388	369	380	244	145	330	273	595	471	325	282	332	254	216	247
LTR10F	134	139	103	88	71	57	79	76	185	95	92	84	161	111	79	73
MER113B	71	53	81	104	47	32	71	49	123	88	73	70	93	77	69	104
LTR44	50	56	49	63	46	33	52	34	92	59	22	20	33	29	17	36
(TGG)n	56	62	95	130	61	36	70	54	115	101	75	86	108	88	71	87
(CTATG)n	2	2	3	0	0	3	5	3	16	1	3	3	1	0	6	0
(ATTAG)n	3	6	17	0	7	8	7	3	14	5	4	2	5	4	4	6
LTR12F	854	953	493	576	630	359	696	545	1229	921	120	129	174	179	91	132
LTR80A	50	39	52	47	41	32	37	34	60	63	50	56	49	55	40	39
Charlie20a	155	126	160	154	132	79	184	138	333	226	188	176	149	166	151	183
L1M2	3480	3330	4449	4293	2894	1759	2945	2327	5603	3553	2880	2817	3656	3396	2609	3109
(TGGA)n	266	343	269	273	179	139	279	222	451	408	249	305	308	338	189	221
LTR2B	189	180	184	184	160	112	198	171	353	282	281	296	489	430	275	356
(CACCC)n	43	56	44	58	49	32	43	38	79	61	27	41	64	59	34	33
LTR26B	172	173	168	199	154	120	214	163	356	288	157	133	211	184	107	110
MER5C1	111	92	135	109	60	22	96	78	168	131	146	108	130	164	137	144
MER33	2308	2112	2336	2594	1757	1088	1853	1491	3264	2448	2101	2057	2515	2406	2083	2298
(CAAGC)n	0	0	0	0	0	0	0	1	3	1	0	0	0	0	0	2
MER51D	17	21	16	4	1	8	22	11	36	22	6	18	13	13	20	6
LTR54	290	249	268	235	229	133	245	143	361	292	172	163	202	223	142	198
(TTTCC)n	513	740	318	357	215	121	377	303	627	527	403	376	331	324	396	400
L1ME3F	928	865	1312	1317	879	500	950	804	1839	1171	1002	944	1099	1133	925	1203
LTR5A	244	298	245	259	122	93	169	137	288	230	181	191	169	195	128	139
L1PA10	3030	3230	2688	3005	2663	1621	2158	1831	4017	2776	2333	2354	2708	2786	2001	2281
Tigger9a	238	229	208	274	239	115	225	154	382	257	179	182	294	246	207	215
MLT1N2-int	12	2	15	15	14	3	23	10	32	24	6	16	10	9	6	11
Helitron3Na_Mam	187	198	207	224	138	96	189	130	356	184	124	137	255	225	162	175
MSTD-int	332	331	272	403	244	156	223	195	419	287	355	343	321	318	300	337
MER9a3	213	243	126	169	143	94	205	152	308	285	237	232	221	210	191	192
(GAAAA)n	154	127	141	179	146	95	162	150	313	214	118	107	134	115	89	112
Helitron1Na_Mam	66	65	63	96	43	25	44	31	82	45	31	31	32	20	37	36
(TTAA)n	106	48	91	74	58	29	62	41	104	69	87	83	111	96	51	101
L1M3de	65	71	84	105	74	41	93	45	118	108	123	153	118	150	117	132
PABL_B-int	234	250	128	146	159	99	198	204	356	316	175	175	277	201	179	185
MER70B	103	118	81	86	62	40	113	90	175	161	54	32	27	23	30	31
PABL_A	130	126	115	140	110	62	146	91	224	167	137	141	146	120	132	122
LTR64	68	81	72	79	37	23	54	42	84	75	69	48	74	73	58	94
MER52D	344	402	293	266	378	287	397	274	597	505	220	248	277	224	186	185
(TTCC)n	296	408	427	463	417	287	463	351	714	625	553	551	572	606	515	580
MER2	3027	3120	3325	3681	2602	1525	2310	1886	4027	2909	2409	2511	2820	2855	2217	2764
MER57F	53	40	55	75	59	30	83	60	164	76	60	40	35	44	37	28
AluSp	17329	18154	18693	21493	18300	12278	19390	15268	31529	25082	15994	16251	19510	20885	15733	16982
AluSc8	6144	6821	6557	7874	5983	4042	6507	5235	10656	8503	6026	5882	6854	7448	5504	5902
MER41E	96	97	103	77	74	38	64	55	123	74	71	83	107	96	64	62
(CACCG)n	0	2	2	4	1	3	9	4	16	6	31	29	62	25	33	46
AluSz	34988	37374	32902	38056	29261	19909	31906	25130	51428	41362	36396	35857	37629	42419	34530	36534
AluSc	9393	10438	9471	11287	8317	5716	8828	6882	14058	11438	8480	8343	9397	10529	7805	8410
Tigger3c	749	737	767	689	466	267	484	378	831	577	476	515	617	606	388	534
(GTTTG)n	30	30	43	103	45	16	39	33	71	48	30	26	47	41	37	27
LTR25-int	183	173	247	198	211	110	165	126	278	196	254	200	266	197	197	224
(GGCTG)n	25	28	15	17	26	16	22	23	47	28	29	12	13	25	21	25
HERVL32-int	33	30	26	28	14	8	30	28	35	58	20	29	22	45	24	19
Charlie1a	2315	2447	3087	3061	2113	1287	2142	1727	3572	2679	2131	2138	2534	2577	2167	2349
AluYg6	187	164	185	199	143	87	143	137	248	205	194	172	182	215	167	185
(GATTG)n	0	0	0	0	0	0	0	0	1	0	0	0	0	0	2	0
MER1A	1017	1152	939	993	815	544	867	706	1484	1048	967	1007	1005	1008	899	956
LTR86B1	51	41	27	56	36	23	49	48	93	65	63	54	96	74	71	55
FLAM_A	3641	3420	4333	4473	3567	2174	4042	3154	6810	4742	4224	4212	4768	4870	3972	4663
LTR34	89	77	82	136	73	46	68	72	137	91	74	42	91	73	55	73
(A)n	4522	3640	10141	9278	4679	2210	4178	3015	7397	4136	3089	3001	4386	3303	2805	3728
MER84	50	48	44	61	41	17	59	51	127	52	53	48	78	61	54	42
(CAAG)n	6	6	6	8	8	0	5	4	15	1	4	6	2	6	4	4
MER119	373	367	464	504	301	176	320	256	583	334	296	329	349	439	320	330
Charlie26a	88	86	116	127	82	68	121	86	191	135	65	79	95	97	69	88
L1MB5	3242	3234	3405	3659	2659	1656	3201	2531	5194	3803	2818	2766	3503	3333	2617	3008
L1PA13	3634	3364	3405	3392	2346	1525	2382	1904	4032	2720	2072	1987	2596	2569	1617	1959
LTR38	64	66	28	57	40	26	61	50	106	70	44	46	41	29	20	45
MER39B	604	573	530	546	501	321	637	526	1019	804	220	249	331	233	219	290
MSTD	1971	2017	1610	1748	1444	811	1660	1271	2615	1964	1330	1276	1521	1409	1207	1342
HERVFH19-int	47	43	58	18	62	33	56	46	89	72	14	12	17	9	14	12
MER113A	185	212	217	222	172	103	234	184	384	270	279	275	332	295	268	299
MER34C2	161	167	143	145	64	40	94	71	146	111	95	69	111	102	66	92
GSATX	31	28	22	39	29	20	47	27	57	57	13	16	25	8	13	14
(TTATG)n	18	30	25	15	14	10	20	16	28	28	46	39	41	41	33	44
Charlie4a	750	652	864	966	545	335	620	551	1089	738	757	723	955	883	700	805
Tigger12	90	79	98	80	93	46	93	72	144	111	132	108	152	159	110	127
(CAAAA)n	396	347	437	482	400	243	384	312	641	438	318	282	341	369	271	303
LTR10A	105	134	83	89	49	36	89	80	168	96	145	144	224	219	153	170
(TTGG)n	58	49	50	80	69	38	58	46	82	78	87	49	97	102	80	93
X7C_LINE	93	101	107	110	78	61	80	67	139	89	64	62	58	66	61	67
LTR52	266	321	306	301	203	150	257	209	384	330	148	118	99	110	111	152
L1MB8	6253	6193	8011	7971	5723	3279	6795	5396	10803	7902	6029	6354	7420	6753	6313	6985
(TCTA)n	518	542	499	624	499	310	498	378	784	559	344	346	395	353	292	307
MER57C1	28	57	61	50	49	28	30	33	60	39	32	28	20	52	16	22
MER4-int	815	693	815	712	684	343	762	569	1233	812	615	643	719	603	507	564
L1MB2	2792	2765	3633	3778	3364	2060	3215	2574	5323	3566	3291	3314	4171	4059	3273	3781
Tigger13a	795	748	1067	1023	559	319	634	518	991	767	630	633	935	839	662	738
(TTTTG)n	548	483	827	836	612	355	549	445	924	601	631	694	883	778	725	708
Kanga11a	145	109	160	179	79	69	122	102	192	150	127	131	166	107	104	146
(CCTTG)n	24	64	0	1	37	28	9	22	21	27	181	218	816	679	203	271
LTR85b	214	203	203	207	127	101	170	143	283	193	103	109	100	80	68	104
LTR16D	302	380	233	277	285	203	391	321	629	451	150	89	81	78	86	87
(CGCTG)n	1	0	0	0	0	0	0	1	0	3	0	1	0	0	0	1
Ricksha_c	376	409	386	321	305	169	377	312	660	391	205	196	242	207	165	167
LOR1b	256	312	351	340	238	172	282	229	449	324	146	130	162	106	101	136
(ATG)n	239	302	164	232	168	107	190	175	309	243	154	140	138	173	134	158
LTR19B	120	108	89	95	72	59	93	75	168	88	136	126	81	87	104	110
LTR27B	90	122	147	134	86	44	107	83	156	129	95	106	90	115	85	117
UCON27	6	3	9	10	5	1	13	13	22	18	8	9	7	6	3	1
L1MC	2308	2321	2444	2406	1942	1121	2271	1866	3757	2489	2216	2238	2515	2493	1961	2420
L1P4	917	848	955	1064	615	389	704	590	1208	750	660	661	854	737	526	579
LTR30	34	27	24	39	21	14	25	8	27	22	52	52	100	71	104	87
(CTTAT)n	0	0	2	0	1	0	1	0	0	2	3	0	1	2	1	1
(CCCCCT)n	29	28	35	68	32	35	35	27	50	43	15	24	41	40	20	19
L1MA2	2379	2416	2879	2645	1975	1204	2415	1994	4015	2616	2106	2052	2356	2391	1907	2130
(CATG)n	48	50	35	31	27	22	45	49	55	84	32	36	32	35	27	36
L1MD2	3463	3560	4108	4412	3147	1917	3368	2635	5408	3551	2980	3010	3602	3339	2781	3333
L1PA16	5354	5497	5311	5587	3660	2109	4078	3344	6459	4606	3433	3369	4395	3841	3045	3571
MamGypLTR1c	231	225	253	183	179	110	213	147	286	244	106	102	100	109	89	102
LOR1a	389	472	308	349	250	168	396	347	584	517	171	175	310	252	81	154
FLAM_C	6510	6238	6199	6786	5459	3400	6080	4973	9299	7090	5957	5992	6668	7161	6003	6411
(CAGAGA)n	234	282	131	149	176	112	242	209	327	336	113	153	144	177	97	104
LTR66	126	160	112	154	110	73	91	71	136	104	76	40	65	45	34	49
(TATG)n	463	432	433	510	305	162	418	295	610	438	382	388	354	369	351	367
MER136	0	0	0	0	0	0	0	0	0	1	0	2	0	0	1	0
L1MEg	4208	3817	5133	4974	3683	2185	4128	3299	6644	4311	3305	3553	4309	3935	3133	3701
(CAGCT)n	25	32	22	22	29	21	26	18	30	34	49	26	56	34	34	28
MER53	983	796	826	785	623	395	721	610	1114	837	466	464	462	430	378	472
LTR42	420	402	309	295	289	200	276	208	385	317	239	244	159	178	203	266
MER63B	479	482	518	668	384	212	427	341	665	456	281	302	287	298	252	348
(CTAG)n	13	13	9	14	19	6	13	10	18	16	3	1	4	1	2	4
L1MEg1	235	208	288	269	176	125	188	181	276	260	223	330	296	280	208	276
HUERS-P1-int	191	205	167	217	135	91	174	125	263	172	251	240	318	264	197	180
L1ME1	9745	9262	12406	12212	8726	4910	8929	7193	14059	9458	8846	8618	11125	9845	8396	9475
PABL_B	108	131	77	80	69	41	102	70	143	106	55	57	74	60	39	73
(CGGAG)n	0	0	0	0	0	0	0	1	1	1	2	2	1	0	2	1
AluJo	22894	24204	22074	25200	20453	13815	23885	18980	34915	27062	20788	20620	25391	25373	20094	22254
MER31A	441	461	371	525	405	265	430	369	674	488	282	243	397	392	261	282
MER21C	2152	2267	1941	1964	1759	1239	2274	1875	3427	2580	1855	1884	2400	2335	1715	1936
MER9B	91	89	55	52	117	68	188	140	213	253	11	18	19	16	13	17
L1MD1	2580	2290	3662	3393	2458	1386	2649	2115	4029	2864	2158	2096	2879	2545	2012	2330
(CAGGC)n	4	9	0	1	1	2	5	2	9	2	2	4	0	7	2	5
(TGGGGG)n	11	8	7	5	6	3	11	13	15	20	10	9	10	15	6	8
MLT1C-int	162	165	153	177	108	84	153	126	247	158	128	127	170	124	137	136
L1ME3	2516	2401	2316	2196	2077	1125	2656	2107	4060	2821	1924	1940	2213	1953	1660	1989
HAL1-2a_MD	545	998	535	668	560	384	492	442	692	649	386	315	332	319	313	281
L1M1	5171	5198	5222	4934	3935	2472	4516	3742	6950	4957	3118	3024	3439	3193	2536	2940
Charlie10b	64	81	94	91	46	54	53	67	96	79	54	62	59	62	48	57
MamRep137	735	742	663	678	573	378	624	528	920	734	591	565	585	561	621	670
L1MEf	4477	4140	5815	5606	4342	2527	4552	3715	7235	4647	3435	3596	4332	4136	3433	3904
AluSq2	17730	18222	20697	24643	19107	13281	19343	15881	28065	22140	14938	15333	17671	19531	14361	15455
Tigger2a	829	894	780	758	601	356	718	584	1088	770	718	743	824	844	611	733
MER67C	264	278	248	278	322	164	310	243	438	345	201	231	260	235	187	193
MER52C	527	649	304	366	275	198	337	301	484	420	160	163	132	111	122	125
LTR78B	655	698	669	732	680	437	705	567	965	826	412	392	419	451	356	422
MER57B1	340	358	326	404	309	172	258	292	448	341	164	160	228	156	126	163
(CACAG)n	38	78	18	60	26	16	57	29	71	50	19	26	14	44	12	19
MER30	1239	1152	1250	1285	1039	657	1171	944	1724	1262	1064	1043	1378	1395	1207	1237
LTR57	98	85	92	63	78	61	86	69	113	105	61	37	64	36	21	59
ALINE	40	22	45	28	22	21	42	12	40	34	18	27	39	29	24	39
LTR75	95	86	104	59	72	35	107	106	155	145	88	142	158	156	116	139
MER50C	39	40	34	54	36	20	22	33	47	32	31	28	59	68	44	47
MER34-int	84	90	123	134	79	44	89	84	139	105	81	56	81	69	61	68
MER61D	71	67	38	65	58	57	77	51	113	67	46	41	57	53	36	35
LTR77	53	43	26	25	20	12	36	8	41	20	15	17	28	10	8	14
LTR37B	269	241	389	298	197	115	270	241	449	268	233	227	199	242	227	243
(TCCTG)n	7	29	11	29	21	6	13	17	24	19	20	12	42	23	19	10
LTR6A	155	118	106	110	80	53	150	104	213	138	95	86	140	113	90	62
MER96B	360	344	384	462	344	206	383	260	515	368	263	243	401	343	256	286
L1PBa	1258	1391	926	1016	652	405	1133	854	1570	1164	697	824	1049	910	627	681
UCON25	0	1	0	0	1	0	0	0	1	0	2	0	0	0	0	0
Charlie8	574	625	687	781	647	351	668	522	950	689	546	497	659	644	438	505
CER	57	47	27	25	27	26	40	30	57	40	43	29	15	22	11	47
SSU-rRNA_Hsa	529	869	655	1122	1279	954	1321	911	1542	1471	1523	1250	1462	1650	1382	1227
LTR27	80	78	72	92	60	37	90	68	128	88	85	96	106	123	65	73
Tigger3d	94	97	138	146	85	50	80	61	97	94	79	115	115	105	70	94
UCON12	0	1	0	1	0	1	1	3	1	5	3	1	2	1	0	1
LTR37A	966	939	796	897	470	303	585	464	853	578	243	251	320	313	211	312
(CTG)n	772	821	626	614	589	438	819	704	1106	958	414	441	326	354	429	424
(GA)n	1190	1250	1097	1164	1162	708	1230	978	1797	1212	800	934	1085	979	656	803
HAL1	9539	9644	10560	11162	8491	5204	9468	7484	13416	9541	7884	7869	10066	9483	7320	8769
MamGypLTR1a	250	250	195	213	237	151	242	190	345	239	109	114	99	106	101	103
(T)n	4169	3336	7533	6710	4473	2254	4253	3412	6837	3628	3951	4216	6035	4485	3773	5831
MER101	100	121	122	92	67	49	78	67	109	86	36	44	27	31	22	42
(AGCTG)n	1	3	1	6	2	2	3	3	7	2	1	0	3	0	0	1
UCON28b	5	5	16	9	2	1	10	6	14	8	2	3	1	4	1	0
Tigger9b	251	236	242	305	213	135	201	198	357	187	242	242	295	283	255	273
(CACCAT)n	230	389	190	261	265	200	233	174	302	240	147	130	155	121	132	121
LTR47B	135	157	95	106	119	64	139	126	221	137	84	59	76	83	58	67
L1MC4	11436	11468	13311	13931	10505	6403	11458	9416	16662	11339	9676	9580	11914	10763	9431	10547
LTR12	852	897	851	768	765	492	766	629	1051	808	319	316	315	307	222	252
MLT2C2	294	281	254	222	254	154	289	252	389	331	164	156	203	207	139	197
MER8	674	668	670	798	615	356	682	572	950	721	567	563	679	590	583	685
MER77	590	661	516	540	460	375	538	455	707	604	291	237	303	278	242	268
THE1C	2097	2431	1792	1837	1355	999	1634	1310	2235	1660	1417	1328	1417	1394	1136	1309
(CGTG)n	110	197	63	93	82	79	101	110	130	149	74	72	81	70	83	83
MLT1G3-int	53	45	130	91	64	37	80	73	112	91	38	41	58	39	30	39
MER54B	88	92	92	93	68	51	91	73	120	96	47	59	33	54	45	51
(CGGGG)n	36	67	63	78	89	60	70	50	75	81	40	32	40	40	33	42
MLT1F1	1072	1175	1218	1252	919	620	1109	889	1445	1174	681	696	751	730	541	647
LTR88c	134	148	171	170	114	78	129	118	194	133	65	76	87	92	54	59
LTR49	335	326	281	351	283	181	304	221	395	292	192	143	206	182	132	193
Charlie18a	521	438	700	618	455	291	512	412	715	500	444	416	548	480	432	417
(CGAG)n	1	3	1	2	0	1	1	1	2	1	1	1	1	2	1	1
Kanga1d	122	124	103	114	110	65	168	157	281	152	97	95	115	105	96	101
Tigger3	591	608	627	579	533	347	559	453	788	541	551	440	566	565	417	474
LTR36	147	161	128	157	109	76	134	124	207	134	80	92	67	97	61	94
MER85	164	159	157	171	118	67	196	149	276	177	189	187	190	184	220	186
L1MC2	2188	2288	2582	2788	1943	1201	2345	1973	3392	2291	1485	1564	1944	1727	1316	1572
UCON8	11	9	13	5	7	0	10	15	27	8	8	10	11	16	6	6
L1MD	2406	2221	3149	3134	2400	1371	2408	1958	3538	2216	1776	1855	2203	1949	1805	2128
(G)n	155	182	340	339	384	238	255	187	352	228	214	291	270	465	151	331
Tigger12A	216	228	207	201	150	113	176	162	267	178	117	136	201	169	105	169
L1MEe	5477	4530	10382	8495	5155	2834	4338	3791	6770	3972	2863	3059	3867	3291	2976	3732
MER77B	363	405	427	386	345	232	440	330	592	411	241	223	265	306	205	256
LTR41	918	983	934	1106	695	411	718	538	899	726	398	341	384	433	269	284
MER117	1159	1230	936	1083	845	549	1030	823	1395	1010	566	603	630	648	512	647
(CAGG)n	65	59	13	27	9	18	33	17	40	25	18	20	4	27	16	28
L1M5	23887	21744	30978	31553	24656	14261	27690	22318	38409	26453	12982	12672	14401	13828	11409	14193
L1MDb	853	809	772	749	419	264	391	322	540	384	141	213	228	288	178	207
(CCCCCG)n	27	33	33	50	42	33	42	32	64	33	5	5	15	6	2	10
Tigger1	7143	7162	8463	9156	6963	4224	7931	6454	10420	8072	5600	5570	6897	6530	5349	5684
MLT1E3	1573	1700	1464	1326	1347	908	1547	1238	1919	1646	506	492	446	343	290	409
L1MEb	849	859	775	854	619	382	705	560	957	671	498	462	551	486	508	589
AluJb	51991	56960	53793	61504	53608	36206	57848	46733	75031	59053	42972	42895	52441	54147	40881	44922
PRIMA4_LTR	103	125	90	184	83	49	111	85	164	90	59	77	98	91	84	85
AluJr	26867	28774	25877	30002	24288	16123	27219	22177	35351	27893	21486	21489	25524	26299	20718	22944
LTR49-int	819	682	1024	918	795	469	901	713	1256	823	444	387	411	472	309	380
MLT1I-int	208	190	154	220	144	71	181	120	246	140	125	118	106	148	86	79
MER97c	49	67	56	53	46	23	42	38	70	34	57	56	43	47	64	95
L1MB3	7028	7606	7308	7379	5918	3852	6833	5782	9229	6902	5066	5092	6216	5684	4752	5424
MER34A	363	300	282	313	167	145	237	218	338	245	191	182	222	238	228	197
(TA)n	4600	3600	5452	4381	3345	1772	4009	3387	6318	3260	3341	3725	4300	3484	2703	4414
(TCTCC)n	42	50	67	38	47	46	64	47	68	71	34	27	32	56	33	32
X6A_LINE	29	36	79	74	32	14	39	34	54	39	15	26	21	29	20	43
LTR69	23	19	18	56	15	16	27	19	46	14	9	12	23	24	25	10
CR1_Mam	357	312	482	384	411	225	392	365	542	417	311	352	384	362	315	463
Kanga1	120	106	201	196	124	110	156	122	217	135	91	122	148	125	121	126
MER91B	385	396	248	346	207	161	303	265	374	337	206	193	215	208	190	190
MER4E1	514	375	378	422	303	235	397	301	477	393	247	302	338	346	259	264
MER65A	413	448	556	546	388	252	564	432	708	536	227	223	217	256	215	275
MER97b	39	50	25	57	20	16	35	33	63	25	27	21	42	15	14	21
LTR10C	313	269	261	319	244	144	297	194	389	226	155	177	266	208	175	209
UCON28c	22	21	35	13	21	11	20	24	30	26	7	10	6	9	8	8
MLT2A2	1958	2153	1440	1506	1093	763	1257	1046	1572	1294	727	767	902	776	550	723
MER5C	346	299	487	403	281	141	307	247	430	265	257	283	333	309	236	257
L1ME2z	2833	2551	3277	3305	2523	1452	2804	2269	3661	2662	1968	1967	2297	2178	1825	2115
L1MA5A	3847	3732	3181	3139	1875	1136	1630	1262	2154	1450	931	787	1220	978	892	1039
L1MC3	5614	5661	5661	5678	4071	2441	4608	3800	6272	4231	3071	2872	3321	3052	2482	2831
X7A_LINE	190	181	175	190	139	74	169	124	202	160	139	142	175	161	137	151
LTR81AB	33	36	20	35	18	11	23	11	25	17	9	21	13	8	10	12
UCON31	8	16	15	14	4	5	9	9	16	7	6	7	15	16	6	5
AmnSINE1	329	374	339	356	244	130	286	221	378	247	128	148	178	162	143	129
(CAAAAA)n	178	141	232	171	159	95	159	119	226	119	119	120	150	124	76	96
MER63D	288	238	275	304	215	113	232	191	312	209	137	140	148	175	143	195
AluSg7	2960	3018	2698	3411	2703	1938	3131	2624	4071	2992	2310	2227	2688	2859	2170	2217
L1M3a	702	694	566	612	548	332	705	585	928	655	408	415	658	592	466	557
LTR86A1	94	87	119	80	61	42	102	60	94	100	68	66	75	94	84	76
HERVE_a-int	219	268	222	134	193	120	192	154	241	181	204	186	272	239	187	201
MER3	3086	3157	2760	2996	2652	1745	3174	2684	4168	2984	2223	2297	2289	2573	2052	2557
Charlie22a	201	183	286	240	184	113	193	167	230	206	232	246	265	287	253	276
L1MA6	2015	1804	2314	2292	1361	820	1871	1378	2496	1464	3364	2781	2543	2611	2089	2532
MER110A	133	131	110	89	82	59	107	73	124	93	54	58	52	49	42	68
(TCG)n	18	73	77	159	91	81	80	47	81	71	3	2	4	3	5	3
MER51A	537	515	485	488	398	268	507	381	629	444	293	261	327	347	297	318
L1MEc	8192	7962	9274	9786	7302	4198	7233	5782	9262	6469	4600	4825	5983	5335	4228	4990
L1MB4	4597	4577	5228	5151	3885	2382	3710	2975	4623	3426	2596	2581	3320	3054	2504	2890
L1MCc	1215	1182	1089	1200	1013	644	1081	910	1470	944	596	564	691	580	559	578
Zaphod	405	441	516	515	324	193	396	334	554	333	244	218	320	254	169	193
MER101B	46	71	117	94	59	30	59	40	71	48	26	19	28	35	15	32
(TAA)n	563	384	543	716	563	278	558	485	815	457	372	363	501	356	273	450
MamRep38	327	368	323	365	307	193	369	320	469	359	222	180	218	210	167	219
MER46C	789	721	986	1006	777	474	813	730	1028	823	691	705	799	753	667	866
LTR19A	172	167	164	175	155	114	175	147	206	178	67	81	108	101	68	90
(CAGCC)n	68	57	24	27	45	29	77	43	81	61	15	33	30	37	24	31
MLT1A0	6257	6290	5639	5679	4954	3088	5520	4386	6943	4910	3042	3156	3741	3378	2695	3226
Kanga1b	98	133	123	120	76	38	151	86	136	141	76	96	90	63	67	83
L1MA1	2184	2053	2859	2866	1872	1049	2085	1690	2661	1850	1020	936	1109	913	820	936
MER4A1	834	839	734	616	585	332	654	562	843	608	385	446	552	495	340	430
(TATAG)n	8	19	4	10	8	4	9	16	20	11	20	17	20	13	9	9
(AGATG)n	32	39	11	18	16	4	16	7	14	13	9	5	10	4	11	5
(CACAC)n	91	167	63	73	70	67	90	69	78	107	51	68	38	53	44	40
MER135	69	80	96	128	55	49	72	73	147	33	43	52	36	56	60	72
LTR84b	311	316	374	291	335	219	313	218	350	274	167	142	154	133	128	133
MER67A	227	208	149	246	109	87	190	149	221	177	73	71	129	86	68	75
LTR40b	258	288	256	238	205	149	213	204	288	206	192	190	222	228	152	158
L1MEd	2591	2126	3457	3536	2956	1849	2999	2454	3918	2516	2027	2159	2898	2611	1964	2366
MLT2B4	6960	7983	6483	6924	7331	4570	6832	5763	7806	6847	646	781	669	803	551	834
MER105	297	262	281	262	223	109	197	165	215	205	208	172	211	201	179	244
X2_LINE	9	9	23	31	9	7	9	10	6	16	9	3	32	11	2	12
L1MDa	26453	23633	34454	33967	38822	21310	52256	41814	67370	43066	2697	2816	2304	2153	2077	4350
HAL1b	1226	1147	1313	1255	1081	623	1090	942	1422	960	851	857	1066	994	806	905
(CATA)n	715	717	660	592	435	295	605	493	713	561	458	402	479	398	401	432
MER63C	356	314	356	368	264	199	266	255	377	234	114	139	131	130	118	127
MER4E	282	224	296	251	190	119	200	177	272	169	150	146	218	181	159	185
MSTB1	1270	1355	1239	1134	1014	694	1479	1204	1796	1312	783	916	977	945	673	846
LTR60	62	64	76	65	64	31	64	75	74	87	42	29	55	38	42	40
MER96	273	284	181	232	209	145	274	224	309	264	157	154	125	117	133	161
L1PA12	1033	1183	767	750	753	544	853	708	1090	720	396	442	546	527	335	372
L1ME2	4360	4146	4567	5519	3912	2370	4269	3421	5460	3437	3217	3223	3845	3988	3053	3401
CT-rich	5266	5933	5049	5652	5600	3809	5268	4365	6159	4897	2848	2813	4204	4054	2750	3013
(TTCCC)n	83	114	57	45	78	54	104	64	91	98	46	37	34	54	32	44
L1MCb	13813	13322	14053	14241	16953	9838	29146	24008	35755	25439	516	617	381	308	324	1414
MER20	6378	6550	5837	6385	5298	3341	6123	4988	7241	5463	3612	3630	4310	4256	3413	3860
(TTG)n	811	801	916	1111	972	536	939	802	1167	831	1104	1027	995	1095	878	1130
(CATCT)n	8	17	2	13	4	2	4	9	3	12	29	14	17	7	17	12
LTR14C	42	45	45	51	24	22	42	19	33	35	30	26	22	26	16	39
(GGA)n	282	378	289	358	323	271	328	295	367	342	179	193	191	203	194	195
(CCCCCA)n	94	88	80	63	52	30	52	40	61	44	31	31	32	49	43	42
MLT1H2-int	99	92	136	84	111	73	106	98	108	123	54	71	57	89	31	75
LTR90A	139	122	94	154	98	36	105	66	117	77	71	81	123	110	104	104
LTR12_	1084	1453	695	803	746	489	876	760	1034	825	216	229	205	204	188	186
A-rich	2241	2222	2421	2536	2067	1144	1929	1556	2370	1601	1277	1210	1429	1345	1190	1331
LTR81	38	38	32	42	29	15	35	31	41	34	23	23	27	20	18	22
AluSq10	867	988	1115	1146	962	637	1030	773	1122	909	686	669	663	832	685	691
(GCATG)n	31	38	75	70	44	34	169	155	189	177	16	34	12	14	16	16
(TCCA)n	1490	2069	1623	1989	1393	940	1723	1418	1770	1744	1277	1312	1426	1120	1604	1572
AluSg4	6055	5791	7952	8480	6331	4150	6323	5074	7436	5394	3356	3344	4014	4079	3133	4033
(ATGGTG)n	76	90	46	87	53	44	64	59	72	66	81	53	92	96	64	59
(CAGGA)n	9	20	1	8	4	2	5	3	4	5	15	36	13	13	9	18
L1MC5	7391	6627	7955	8174	6479	3822	7881	6320	9381	6570	5588	5385	6716	6533	5529	5890
ERVL-E-int	5371	5874	4637	4916	3999	2520	4437	3823	5098	4148	1453	1365	1560	1427	1222	1467
MER61A	394	380	282	268	282	176	346	283	383	319	152	96	160	176	130	143
LTR16A2	612	622	471	617	476	327	714	584	803	644	257	246	164	236	205	210
L1MC4a	11338	10340	12379	13060	10185	5639	11161	9077	13687	9009	6852	6898	8179	7600	6644	7654
D20S16	17744	20770	13723	15309	21024	13292	14723	12128	15983	13828	272	392	116	134	176	627
Charlie10a	96	104	118	102	76	53	88	70	92	83	89	104	109	75	70	92
L1ME3B	3095	2835	3405	3840	3025	1821	2892	2473	3454	2531	1898	2013	2500	2289	1815	1995
MER52A	1414	1787	1466	1615	1375	922	1228	1147	1462	1181	719	771	854	932	696	853
HERVE-int	608	605	343	440	246	157	446	398	526	411	130	127	119	107	143	157
MER74A	549	617	384	533	431	331	543	434	590	482	286	269	361	330	247	328
HERVH48-int	396	508	249	405	363	227	582	422	589	504	91	115	186	154	96	122
(CTCTG)n	11	17	15	26	25	11	17	9	21	8	8	6	0	12	7	4
MER68	883	1005	854	909	811	502	819	692	890	759	565	592	721	689	595	718
LTR10B	6	25	34	25	13	11	14	13	19	11	20	25	59	26	30	35
PRIMA4-int	519	488	425	419	339	255	443	343	509	351	110	154	182	132	78	154
PrimLTR79	15	24	31	14	18	7	24	15	21	21	24	20	23	20	14	28
Arthur1B	600	663	523	676	523	327	572	530	678	526	220	264	235	239	226	278
Charlie19a	576	531	566	590	445	287	530	446	584	476	343	351	426	381	307	370
(CAA)n	723	772	725	662	722	505	733	629	771	701	328	326	381	428	299	294
HERVK14C-int	122	125	76	101	123	95	106	113	167	77	65	40	85	106	36	78
L3b	1573	1431	1688	1811	1297	847	1536	1261	1768	1261	854	834	997	922	764	902
MamRep1161	456	467	537	484	374	251	482	387	536	402	311	303	376	434	263	336
(GGGAA)n	13	17	4	0	10	10	17	11	15	15	1	9	2	5	5	8
(TGAA)n	533	546	528	569	453	281	499	393	565	398	324	295	324	347	252	321
MER74B	411	518	298	462	298	195	393	311	389	363	177	210	182	212	152	182
MER57B2	253	279	253	261	202	119	223	204	266	195	143	143	168	169	111	111
ERV3-16A3_I-int	4068	4604	3397	3974	3192	2127	4230	3473	4530	3724	1045	1018	929	874	680	866
ORSL-2a	59	54	89	105	66	30	71	51	69	61	41	33	45	48	40	48
L1PREC2	5368	5643	4775	5005	5161	3217	5200	4175	5692	4340	2228	2297	3200	3163	2114	2326
MER1B	2384	2966	2125	2317	1932	1324	2879	2476	3061	2649	1585	1742	1893	1772	1616	1714
LTR33A	594	766	533	580	480	308	552	475	642	457	228	226	313	274	142	203
MLT2B1	1131	1265	1060	1007	993	614	1190	942	1317	955	533	500	614	556	454	490
MLT1G3	1882	2185	1263	1242	1142	639	1233	1112	1480	1035	460	433	602	505	455	483
MER81	700	770	582	584	596	349	617	577	772	512	371	422	421	376	299	395
(C)n	52	92	76	142	138	109	100	72	96	85	12	15	26	15	11	20
T-rich	2600	2266	3324	3392	3037	1712	3017	2365	3466	2240	1904	1942	2604	2495	1802	2186
GA-rich	4415	5046	4431	4755	4716	3271	5099	4042	5187	4410	1628	1638	1588	1624	1435	1716
Tigger6a	328	355	358	400	393	215	361	287	427	260	146	178	235	188	151	187
(GACTG)n	2	1	1	0	0	0	3	1	0	4	0	0	0	2	3	1
LSU-rRNA_Hsa	29891	30623	25253	28165	46307	33685	48339	38442	44060	45148	56017	57865	45089	64647	43550	45444
MLT2C1	847	879	731	661	624	382	810	665	873	662	359	391	425	526	350	449
MER61F	33	29	28	36	39	16	39	35	41	36	17	19	32	29	11	9
U2	229	224	197	155	181	96	195	170	257	128	158	146	132	177	132	157
UCON11	6	9	6	1	3	1	4	10	7	8	2	2	2	6	1	5
HERV3-int	132	155	328	253	113	87	306	227	356	198	251	218	359	321	186	214
(CGA)n	133	305	239	420	253	265	303	217	237	288	22	24	18	21	28	36
MER4D1	740	840	736	673	561	330	569	527	598	530	305	332	358	336	267	318
MER58C	864	729	862	864	818	524	864	741	966	693	509	495	610	535	494	554
L2a	71369	75940	68595	72573	65381	41869	74031	60771	78595	60082	34619	35084	44806	40809	33297	37496
LTR35B	109	86	45	91	47	22	63	48	56	57	12	24	24	13	18	21
MER87B	122	131	101	161	134	119	164	149	184	139	39	42	32	49	26	53
MSTB2	833	1025	661	726	439	333	588	434	609	438	381	339	338	307	278	311
MER66A	138	154	68	129	90	81	131	112	142	108	43	53	51	70	42	67
(TTTTC)n	269	279	364	429	409	227	352	288	411	250	234	254	299	268	204	238
(CCG)n	201	338	317	555	327	226	304	204	255	256	163	145	145	192	189	190
LTR7Y	4068	4798	2794	3400	2512	1650	3094	2508	3046	2649	2561	2731	2313	1840	2068	1902
MLT2B3	1844	2046	1352	1472	1429	917	1561	1313	1667	1271	641	647	725	725	537	617
HERVK3-int	1304	1509	738	847	730	492	943	872	943	902	726	720	884	812	948	1030
(CA)n	11050	13954	9109	9646	9620	6360	11219	9545	11343	9746	6281	6484	6488	6624	5482	5926
(CAT)n	365	428	313	366	253	155	334	311	303	348	150	154	183	151	162	209
(TCTCTG)n	424	554	505	508	538	381	679	586	655	625	254	227	332	350	254	311
(TG)n	9560	11051	8564	8970	7900	5388	8871	7610	9222	7514	6113	6361	6709	6632	5729	6328
MLT1A	7183	7265	6601	7300	7837	4820	8879	7238	9502	6887	1506	1455	1681	1629	1275	1661
HERVL74-int	1197	1556	925	895	829	587	860	638	808	699	361	358	266	310	376	421
Charlie7a	483	401	846	825	397	240	387	306	400	301	179	221	210	209	188	233
Charlie13a	160	133	166	209	141	73	183	137	193	131	152	126	191	207	161	175
LTR82B	410	391	557	611	439	247	396	360	461	309	195	177	186	198	172	190
Tigger14a	244	216	251	276	209	107	231	196	241	190	146	167	175	165	125	160
LTR10B1	237	268	165	188	210	145	317	216	293	240	276	310	349	325	363	320
(CAGC)n	132	257	295	411	369	370	197	141	135	197	30	21	17	21	18	11
AT_rich	26756	16898	39234	39115	27580	13341	27674	22906	33883	17757	17970	18245	22351	20980	14960	21875
L1ME3C	3322	3229	4504	4482	3041	1800	3460	2802	3825	2505	2210	2240	2771	2399	2237	2378
MamRep488	95	100	56	105	90	55	86	64	76	73	64	61	54	57	49	60
MER41C	352	377	309	298	213	157	259	251	320	197	204	219	188	243	161	189
MamGypLTR2b	250	260	198	202	252	160	255	185	262	177	71	70	104	83	44	88
AluJr4	7372	7419	7539	9102	7585	5008	8167	6574	8426	6287	4953	4968	6189	5986	4819	5206
L2c	52628	56058	49055	53206	45123	28868	53723	44785	55799	42581	24807	25127	31242	29297	23533	27488
L1MD3	2716	2578	3190	3062	2722	1644	2727	2236	2957	2013	1354	1409	1685	1549	1305	1645
MER132	1	5	7	5	1	2	6	1	6	1	1	0	0	0	2	2
UCON15	3	0	7	0	0	2	3	7	1	9	2	0	0	4	0	1
ORSL-2b	244	181	160	246	190	99	198	158	228	128	123	109	79	105	56	124
MER57A-int	1291	1244	1359	1381	1161	747	1432	1207	1562	1065	425	428	407	393	324	375
MamRep1879	321	361	292	314	327	205	392	294	419	260	156	133	219	203	135	153
MER75	196	221	291	280	150	137	205	184	233	154	94	130	157	91	101	119
MSTA	6349	7356	4816	5164	3706	2517	4662	3780	4625	3683	2925	2893	3591	3317	2665	2844
MER4C	346	342	301	365	322	215	407	268	385	275	160	148	154	171	120	155
MER4D	522	576	508	595	485	227	540	446	517	449	256	223	317	329	213	289
(TC)n	3297	3683	3020	3511	3859	2560	3723	3083	3627	3030	1127	1273	1655	1589	1183	1281
Tigger12c	431	399	384	364	368	254	442	382	456	352	286	287	348	310	252	281
L2b	38942	41838	35893	37811	34140	22200	41256	34121	41197	32542	17297	17290	21286	19920	15829	18721
LTR85c	825	947	935	1184	743	459	548	472	562	437	136	116	109	150	120	119
MER58A	3889	3909	4099	4392	3690	2379	4177	3436	4295	3161	2583	2484	3008	2767	2407	2720
(TAGTG)n	1	0	0	0	0	0	2	0	2	0	1	1	1	1	1	1
Zaphod3	247	297	252	325	258	125	266	203	249	206	123	117	150	133	101	169
FAM	1961	1973	2002	1973	1850	1149	2137	1841	2230	1653	1328	1269	1672	1424	1128	1424
Arthur1A	302	318	342	363	206	144	255	217	278	183	116	131	106	114	121	136
(ATGTG)n	1	1	4	0	0	0	2	2	3	1	6	4	9	6	12	3
MLT1H-int	423	398	429	362	502	355	472	385	476	356	167	168	224	180	162	150
L1MC1	7236	7415	8058	8240	7277	4446	7699	6250	8062	5519	3489	3425	4349	4083	3208	3462
LTR41B	572	655	439	424	497	280	493	369	529	311	196	230	239	256	174	213
MER61-int	1324	1337	1416	1436	1370	877	1450	1135	1450	1053	583	583	856	754	567	657
LTR33A_	1154	1368	807	899	713	455	797	674	847	584	236	240	313	254	182	241
MER50B	497	606	502	472	428	288	560	463	536	451	137	147	108	112	80	98
Charlie16a	548	566	522	554	398	256	483	396	454	392	267	290	335	302	259	288
LTR54B	709	709	536	457	549	314	896	724	1010	570	134	149	197	184	114	137
MLT1F	2905	3231	2283	2471	2342	1548	2764	2289	2835	2048	986	920	985	1020	863	990
Charlie5	1328	1120	1535	1701	1070	600	969	688	1003	597	483	499	642	526	450	536
X5A_LINE	12	12	17	13	10	13	21	13	24	9	9	11	12	7	6	12
U1	14	15	14	7	25	10	18	14	21	10	8	9	7	5	5	4
L2	29937	32279	26840	29384	29120	18845	31172	25617	30235	24045	13230	13456	17512	16612	12535	14224
L1M	219	221	198	260	207	152	215	220	250	170	204	241	185	202	186	199
MER126	64	35	44	62	28	16	52	21	55	15	19	22	26	17	32	39
(CATAC)n	6	9	24	1	3	2	9	3	5	6	4	4	5	2	2	1
polypyrimidine	246	264	208	230	260	199	215	194	252	142	126	122	221	196	125	108
LTR13A	402	513	271	306	156	139	428	332	377	339	200	185	274	237	200	242
MER57C2	150	138	90	127	124	64	112	114	130	87	42	59	48	46	51	41
MER4B	779	728	651	769	865	538	756	652	737	599	342	326	422	372	292	372
(CCTAA)n	0	0	0	0	0	0	1	0	1	0	0	0	0	0	2	1
MER70A	259	349	199	195	185	127	272	187	264	170	95	85	92	99	53	98
Charlie24	636	523	664	700	480	305	428	369	415	339	232	273	336	312	226	254
X5B_LINE	117	101	233	257	141	50	85	68	103	44	7	9	15	12	8	16
(ACTTG)n	2	1	0	0	0	0	0	1	0	1	0	0	0	0	2	0
(CCAA)n	181	205	115	137	316	236	374	284	295	316	24	19	21	37	13	26
MLT1F1-int	221	202	149	184	135	92	177	146	154	148	129	81	150	114	90	95
MER45C	1049	956	760	872	924	722	1244	1188	1131	1148	1322	1325	1370	1806	1523	1300
G-rich	1729	2042	1484	1771	2068	1508	2089	1672	1905	1615	721	998	781	1010	651	848
MamSINE1	456	464	465	446	394	254	477	393	424	389	306	263	351	350	257	275
HERVK13-int	479	567	523	382	408	271	714	496	564	554	217	235	304	232	314	266
Charlie15a	1108	1021	1080	1191	926	599	1091	881	991	851	450	550	617	592	480	503
LTR3B_	8656	10874	6198	6874	9259	5968	16256	12982	14716	12523	193	192	77	56	96	520
MER102c	1426	1444	1597	1692	1100	674	1310	1005	1249	913	607	584	744	702	589	733
(CTAAT)n	0	0	0	0	0	1	0	0	0	0	1	3	0	3	1	0
MER34A1	289	314	259	269	259	170	210	218	261	146	130	118	175	140	115	137
Tigger15a	2543	2486	2389	2692	1910	1286	2155	1752	2099	1547	1238	1234	1432	1323	1183	1361
MIR	62811	66621	56173	60226	50032	32135	60559	49834	58539	44446	28103	28672	31204	29988	26405	30325
MER102b	1562	1475	1403	1620	1472	927	1703	1480	1775	1210	852	796	885	866	675	904
(CCGAA)n	0	0	0	0	0	0	0	0	0	0	0	0	0	0	1	0
(CGGGA)n	0	0	0	0	0	0	0	0	0	0	0	0	0	0	1	0
CheshMITE	0	0	0	0	0	0	0	0	0	0	1	0	0	0	0	0
(CAACG)n	0	0	0	0	0	0	0	0	0	0	0	1	0	0	0	0
LTR62	160	211	85	156	134	96	202	110	141	142	79	78	116	95	75	77
MLT1J-int	339	362	328	378	329	216	418	354	409	309	202	183	189	214	118	165
LTR2C	353	450	274	321	258	173	273	219	273	185	51	70	78	68	67	80
(GGATG)n	7	12	3	5	17	15	11	9	5	13	7	6	3	13	7	4
Eulor11	25	16	23	27	19	12	14	12	12	12	2	3	4	1	4	1
(CTTCG)n	0	0	0	0	0	0	0	0	0	0	3	1	0	1	2	0
MLT1J1	1998	2102	1670	1495	1517	960	1672	1323	1491	1266	538	532	553	518	408	534
Ricksha_0	62	66	90	102	90	60	76	57	66	56	62	65	62	63	51	84
(TCGGG)n	0	0	0	0	0	0	0	0	0	0	0	2	0	0	0	0
(CCGAG)n	0	0	0	0	0	0	0	0	0	0	0	0	0	0	0	2
(CTTAG)n	0	0	0	0	0	0	0	0	0	0	0	0	0	0	0	2
(CCCGA)n	0	0	0	0	0	0	0	0	0	0	0	0	0	2	0	0
(ATTCG)n	0	0	0	0	0	0	0	0	0	0	0	0	2	0	0	0
(TTAAG)n	0	0	5	0	0	0	0	0	0	0	0	0	0	0	0	0
AluSx3	15927	16677	16016	17748	16281	10922	15106	12372	13836	11422	7717	7887	9283	10256	7482	8131
L1PA15-16	561	610	627	768	629	393	589	524	553	472	414	378	449	502	253	347
(TAGGG)n	0	0	0	0	0	0	0	0	0	0	0	0	0	1	0	1
(CCGGA)n	0	0	0	0	0	0	0	0	0	0	1	0	0	1	0	0
(TTACG)n	0	0	0	0	0	0	0	0	0	0	0	1	0	0	2	2
Ricksha	55	57	40	104	81	40	103	61	100	51	59	63	61	50	27	31
U14	0	0	0	0	1	0	0	0	0	0	1	0	0	0	1	0
(AGTAG)n	0	0	0	0	0	0	0	0	0	0	1	0	0	0	3	0
(CAGAC)n	1	0	0	0	0	0	0	0	0	0	0	1	0	0	0	2
(CAGGT)n	0	0	0	0	0	0	0	0	0	0	1	2	0	0	2	0
L1M2b	272	257	381	360	313	184	282	256	208	279	19	29	24	25	25	21
MER113	1044	994	1027	1027	908	553	1034	816	1020	681	572	611	598	666	487	593
(TTTG)n	912	859	1171	1294	1117	620	996	808	1005	656	581	636	680	772	536	610
LTR46	185	238	147	197	133	106	193	144	168	138	49	53	59	44	43	45
MER41A	894	917	835	982	879	518	1177	919	1118	792	605	541	718	714	501	548
MamRep434	742	655	727	809	536	322	670	543	617	484	283	277	269	278	276	326
MLT1M	1266	1397	947	1028	738	428	974	804	946	674	311	322	345	332	253	344
MER76-int	48	59	38	41	25	23	53	24	32	36	50	35	47	53	33	32
MIRb	84618	88598	78980	83562	72549	46364	84348	69975	78686	61543	35517	35854	38437	37453	32231	37988
MamRep605	2195	2127	1759	1862	1501	986	1485	1246	1519	977	637	643	796	705	614	632
(AAGTG)n	0	0	3	1	0	3	0	1	1	0	1	2	0	0	0	0
LTR79	1229	1373	1148	1065	1061	683	1176	1020	1077	910	501	441	453	508	380	446
X7D_LINE	2	1	0	2	0	0	0	2	2	0	5	0	2	2	1	4
MIRc	38244	39041	36897	38243	34102	21378	39975	33434	37934	28302	14934	15636	16635	16248	13760	16425
L1ME5	1630	1515	1831	1631	1601	1005	1469	1213	1433	990	564	561	608	588	476	576
(CGATG)n	0	0	0	0	0	0	0	1	1	0	0	0	0	0	0	0
L1MB7	15011	14299	15148	16497	14307	8447	14949	12382	14011	10470	7198	7115	9004	8437	7324	8111
MER103C	2726	2703	2582	2690	2265	1395	2735	2154	2552	1817	1360	1285	1403	1326	1267	1446
MLT1H1	1812	2076	1660	1795	1415	981	1606	1335	1463	1157	572	614	843	750	458	571
L1MB1	2078	2081	2242	2173	1682	1062	2405	2005	2448	1516	1122	1112	1395	1303	1056	1213
L1MA5	3242	3115	3014	2836	2640	1633	3195	2480	2991	2059	1967	2035	2313	2216	2157	2741
Tigger11a	257	200	214	207	203	130	266	202	223	190	106	105	139	113	113	130
(CACG)n	273	421	248	186	180	160	198	174	163	165	70	67	63	68	46	65
C-rich	6831	9426	5738	6877	9126	6470	7617	6149	6445	5702	2144	2291	2902	2736	1937	2174
UCON29	82	73	71	103	65	51	110	77	136	34	29	30	19	38	20	24
MLT1J	11119	11694	10107	11123	10401	6542	11671	9508	10571	8171	2725	2619	2775	2715	2513	2978
Tigger1a_Mars	6	4	10	19	7	1	5	5	7	2	11	5	4	11	8	8
MER94	1263	1323	1170	993	909	548	1091	869	1033	704	581	620	581	603	499	605
MER87	593	562	433	655	609	405	701	487	524	510	171	195	126	119	126	126
MER65-int	1524	1370	1198	1244	1421	820	2205	1889	2087	1533	242	226	209	212	188	348
LTR33B	792	934	558	533	503	303	670	516	609	434	135	156	168	162	107	182
(GCCTG)n	211	279	134	148	251	169	208	145	154	152	32	32	11	9	8	22
MLT2D	1479	1538	1115	1345	1130	775	1408	1207	1227	1066	574	585	705	725	533	571
L1MA8	5137	4723	5599	6142	5618	3132	5326	4288	4994	3477	1957	1955	2375	2148	1959	2200
MER110	148	165	229	204	196	84	167	108	138	101	79	86	98	93	51	83
MER91C	533	557	364	407	373	241	467	422	447	332	193	205	170	190	168	197
MIR3	36640	37268	32716	35402	30215	19363	35395	29184	31688	24670	13909	14473	15225	15037	12959	15227
MER125	10	23	23	18	10	7	12	11	12	8	11	7	18	14	10	9
MER6A	823	884	534	647	565	376	656	595	569	514	201	255	278	268	174	224
Plat_L3	1186	1131	1105	1214	1072	662	1249	1007	1186	776	586	545	606	608	443	550
(CATAT)n	22	23	27	27	22	16	44	29	30	32	10	11	6	10	2	7
(CTGTG)n	3	7	1	17	4	1	13	7	10	7	5	1	16	17	5	8
LTR89	435	429	307	364	345	221	396	370	386	280	144	160	91	73	119	154
(TTAGGG)n	70	85	66	64	49	35	83	54	66	51	29	16	36	28	11	24
(CGG)n	333	509	499	882	553	470	572	421	418	420	86	111	94	116	128	112
LTR11	2	5	0	3	4	3	3	5	5	2	3	2	6	5	7	3
MER83B	135	170	54	84	46	28	54	48	49	38	14	13	32	22	23	15
(TCTCCC)n	862	997	527	576	741	559	780	625	593	591	223	230	130	178	170	179
(CCCTG)n	169	261	137	155	216	152	172	134	154	106	23	31	28	24	21	21
LTR1	3665	4644	2482	3176	3178	2267	3606	2914	2782	2700	532	572	636	579	474	511
L1M6	1869	1554	2542	2886	2044	1280	2229	1809	2062	1378	966	901	1034	1023	762	962
MLT1K	6916	7353	5944	6361	5872	3912	7294	6229	6390	5047	2394	2361	2648	2463	2057	2483
MLT1B-int	697	713	686	629	747	422	682	578	595	466	153	140	137	136	97	164
LTR9	2387	2721	2097	2164	1860	1205	1981	1684	1724	1360	448	428	505	516	331	427
MER106A	247	184	224	280	215	104	243	167	211	133	126	108	146	152	122	115
MLT1E2	3473	3508	2887	3207	2701	1718	3381	2878	2922	2319	669	771	688	673	629	749
L1ME3E	3048	2871	3861	3439	3387	1939	3638	2941	3364	2168	1523	1621	1736	1575	1400	1779
ERV3-16A3_LTR	501	526	433	480	360	249	499	425	477	301	107	135	95	128	80	91
LTR1B	1379	1686	974	1102	1001	785	1259	1028	1066	842	238	224	314	259	187	192
BLACKJACK	1343	1301	1057	1196	769	426	731	595	608	495	332	306	382	318	259	365
(CATGC)n	7	16	3	8	3	12	18	10	14	9	16	9	12	23	5	11
L1P5	154	116	233	202	142	71	128	85	118	60	66	70	57	57	49	60
(CAAA)n	525	521	656	530	438	284	515	464	486	335	246	247	304	287	202	241
MER4A	1131	1245	1017	967	945	643	1191	927	938	812	263	257	293	339	221	250
MER51C	1816	1932	1857	1867	1741	1073	2405	1974	2008	1623	75	76	67	48	65	114
MER21A	4499	4763	3559	3878	5027	3056	5206	4380	4565	3406	935	966	1010	994	943	1011
LTR9B	422	483	454	488	373	246	404	376	380	271	190	122	192	197	129	154
L1MA9	10134	9792	10153	10067	9148	5240	9116	7344	7997	5656	2978	2820	3420	3199	2521	3140
(CCCCAG)n	303	390	190	298	297	208	328	297	270	244	76	72	63	71	52	74
MamGypLTR2c	322	296	294	266	236	162	320	245	277	188	92	72	104	67	61	52
MER51-int	794	867	494	631	654	376	586	514	530	377	186	165	221	217	176	152
MER5A1	6525	6649	5508	6409	5798	3758	6699	5563	5638	4417	2263	2406	2562	2593	2063	2532
LTR48	653	660	521	557	440	286	598	500	528	372	120	164	171	149	107	145
MER44B	1374	1551	1037	942	1234	799	1486	1401	1300	1064	501	416	598	631	466	546
Ricksha_b	63	83	94	96	97	62	87	68	96	33	30	22	28	7	20	26
MamGypLTR3	376	396	294	338	242	167	305	243	260	186	76	51	49	91	60	43
MER83	154	187	145	72	173	148	163	151	126	128	96	91	137	150	89	102
MLT1G	1679	1749	1344	1581	1381	862	1750	1369	1390	1135	478	510	604	623	434	540
(CATATA)n	1179	1244	902	980	774	495	1097	1006	995	722	639	697	483	503	617	740
Helitron1Nb_Mam	61	48	64	99	79	45	81	51	63	43	19	35	23	32	25	28
MER115	986	1010	913	857	804	552	902	789	804	571	378	346	429	463	334	360
L3	19751	20397	19684	21149	18799	11844	21290	17798	18313	13402	8332	8563	9281	8966	7866	9270
(CGGA)n	78	138	81	151	114	97	115	80	67	87	61	58	70	68	43	48
(CTTG)n	461	498	402	520	537	365	268	228	224	177	29	35	40	29	23	32
MamGypLTR1d	280	300	205	221	178	119	196	187	169	140	61	76	70	64	49	58
MER57A1	538	532	452	487	395	273	456	383	343	327	222	177	183	201	197	180
Eulor9A	42	55	69	73	39	28	63	53	62	32	30	27	43	22	33	45
MER83C	163	160	72	122	118	77	123	102	82	96	29	15	20	23	15	27
MER101-int	909	829	916	890	763	450	752	634	626	486	245	256	252	274	229	232
LTR16A	5842	6193	4503	5380	5264	3372	5872	4829	4761	3771	918	862	862	915	671	917
HERV16-int	920	913	751	933	708	427	825	755	743	522	262	273	220	228	207	212
LTR16B2	953	1023	872	787	799	577	936	823	751	640	169	156	151	163	118	169
MLT1D	12764	14170	11070	12190	12172	8164	14181	11629	11190	9138	3601	3749	4048	3810	3047	3591
MLT1J2-int	250	257	265	216	192	152	288	217	227	170	89	96	84	93	64	94
L1ME4a	13655	11939	18517	18960	15258	8404	15678	12608	13830	8585	7870	7557	9043	8561	7460	8695
Tigger16a	682	755	604	667	686	421	647	497	537	363	119	115	128	127	111	186
X3_LINE	208	195	241	262	191	135	218	196	194	133	91	105	133	112	99	114
(TATATG)n	1402	1107	1414	1538	1019	593	1159	1040	1148	608	410	435	452	402	347	436
(TCCC)n	308	370	312	484	532	389	569	455	463	341	149	149	215	194	138	150
HSMAR1	1626	1766	1531	1527	1677	947	1577	1357	1263	1039	465	447	510	480	367	428
LTR51	272	363	289	302	305	196	271	199	199	167	115	104	102	113	64	102
Charlie11	124	141	145	102	81	46	84	71	58	62	59	46	84	76	70	54
LTR16E1	1668	1746	1315	1578	1202	843	1579	1268	1248	973	288	327	250	216	238	281
MER76	351	392	271	254	252	156	304	249	233	197	93	84	98	83	59	94
MLT1L-int	33	39	30	24	27	23	32	20	22	18	16	13	10	11	22	24
HERVK22-int	362	416	358	275	359	231	328	298	255	232	217	241	325	353	228	223
MLT1F2	4622	5101	4530	4458	3764	2390	4669	3925	3658	3026	1334	1335	1366	1288	1084	1285
MARNA	1333	1231	1378	1436	1239	710	1298	1095	1078	789	581	629	680	692	625	738
(CATCC)n	31	53	14	34	37	29	47	43	48	23	22	9	32	23	12	16
Charlie25	443	431	588	592	513	357	540	468	462	325	191	176	178	205	139	161
MLT1B	10513	11105	9150	9156	9176	6018	9854	7943	7625	6162	2988	2967	3334	3366	2685	3085
MLT1A1	3280	4055	2825	2866	2946	1991	3857	3090	2919	2453	1214	1207	1384	1330	1091	1240
MER102a	1909	1973	1973	2233	1533	954	1411	1161	1107	885	487	472	502	511	396	494
MER41-int	1577	1504	1295	1334	1420	812	1729	1400	1430	994	571	540	917	931	585	545
LFSINE_Vert	951	1173	862	920	992	700	1509	1225	1149	956	309	299	278	245	344	442
L4	7246	6795	7129	7377	6573	3902	7023	5873	5869	4128	2879	2776	3318	2966	2575	3029
MER39	3971	4250	3219	3559	2788	1788	3131	2495	2523	1810	534	522	579	700	505	600
LTR67B	3554	3331	4257	4348	2878	1764	3283	2952	2801	2017	615	589	693	547	514	641
Tigger5	2165	2357	2417	2455	2114	1251	1857	1542	1537	1082	727	803	801	618	749	835
(CGCGG)n	4	20	10	24	9	10	12	3	7	4	7	5	8	6	10	7
MER5B	10956	10356	9600	10026	9280	5909	11117	9322	9275	6434	3690	3850	4016	4033	3518	4140
LTR38B	533	473	478	433	426	310	603	455	453	352	31	33	31	15	25	24
MER63A	1716	1980	1436	1613	1557	1063	1870	1629	1524	1156	385	385	377	405	314	424
(TGAG)n	145	203	110	130	117	108	154	138	141	84	94	76	107	104	49	110
MER54A	740	882	591	675	843	528	991	810	750	619	181	218	228	199	163	231
MER47A	1726	1550	1941	2017	1432	858	1632	1362	1333	956	846	785	983	829	781	812
MLT1C	13578	14951	12088	14013	12208	8278	14272	11867	10996	8875	3576	3698	4293	3984	3194	3914
MER48	347	449	272	242	328	210	383	304	249	267	48	50	53	78	33	47
(TGGG)n	115	199	91	103	95	92	109	96	84	71	45	30	82	86	27	24
LTR7	5965	8246	4193	4649	4010	2778	4317	3653	3184	2820	1919	1952	2433	2301	1651	1638
MER6	705	803	556	606	621	423	780	639	598	473	230	243	346	270	229	269
L1MCa	4125	4194	4265	4575	4397	2758	5630	4610	4541	3216	1610	1618	1989	1980	1293	1648
X7B_LINE	1766	1410	1991	2058	2129	1145	1943	1585	1615	1060	135	150	111	109	153	169
MLT1I	5187	5563	3971	4462	4148	2744	4458	3653	3382	2721	1441	1408	1494	1482	1127	1351
(CAGTG)n	6	5	0	2	4	2	5	3	6	0	1	4	5	4	8	1
LTR25	159	160	120	135	91	68	132	122	91	98	28	30	13	27	11	24
MLT1E3-int	28	19	9	36	11	7	10	12	5	11	24	19	15	15	12	17
(CACAT)n	73	132	55	38	63	64	96	85	33	96	7	9	2	14	4	0
(CAGAG)n	3	4	0	1	1	0	7	8	6	5	5	2	7	0	5	2
L1M2a	1099	1338	642	827	979	659	1086	903	870	615	141	145	175	147	159	139
L1MA7	5609	5050	6265	6069	4808	2799	4913	3945	3885	2721	1704	1641	2147	2084	1478	1595
MLT1E1-int	2	2	1	7	3	3	2	1	1	1	1	1	6	1	1	1
MER90	804	826	616	589	612	438	567	503	430	362	135	105	127	126	83	109
MER72	621	674	458	421	413	304	582	421	359	372	143	112	185	174	129	130
MER34	562	544	498	400	347	251	471	412	406	253	162	188	227	233	176	211
Eulor8	52	60	53	59	52	41	76	44	57	31	4	12	7	9	0	6
ERVL-B4-int	3661	4056	2537	2642	2431	1782	2756	2230	2062	1607	890	905	913	818	750	996
Eulor4	7	2	2	15	6	7	10	10	14	1	6	0	6	7	4	3
(CCCTAG)n	3079	4654	2261	2716	4485	3387	2906	2341	1830	1954	219	198	107	71	99	195
LTR8A	2616	2781	2593	2867	1997	1379	2532	2123	2000	1404	597	611	624	642	362	575
LTR81A	472	470	418	381	321	228	368	350	308	215	62	86	85	105	51	112
LTR52-int	222	214	133	114	148	87	145	113	111	75	40	43	51	54	40	50
UCON28a	38	48	26	36	28	12	24	30	21	18	23	15	19	14	9	28
L5	338	346	256	212	403	225	302	293	266	167	98	115	169	119	121	120
X6B_LINE	110	107	107	107	121	103	163	115	130	70	41	43	75	41	41	41
LTR39	434	505	457	497	510	355	703	543	474	414	272	243	242	325	238	288
MER50-int	537	652	350	341	403	298	449	375	315	274	120	135	148	152	128	140
LTR33C	533	641	652	562	691	456	804	683	607	459	140	95	154	165	104	139
Charlie4z	4251	4095	3740	3818	3889	2476	4476	3752	3330	2557	1241	1311	1432	1330	1216	1450
ORSL	375	324	368	348	422	192	371	321	246	244	115	89	109	97	75	95
LTR45	193	223	159	192	85	68	194	153	123	122	40	34	24	22	26	37
MER2B	1205	1094	1299	1580	1064	702	979	785	743	515	359	370	475	558	409	448
MER51B	701	783	439	513	382	281	531	515	397	348	118	141	148	104	113	128
MamRep4096	694	598	718	841	590	369	655	534	455	386	100	94	110	140	88	125
MER34B	438	506	379	368	268	178	378	322	281	214	90	96	76	104	122	99
(GGGTG)n	122	111	75	52	130	65	130	115	89	83	10	29	22	31	13	18
MER91A	1972	2233	1296	1463	1503	972	1950	1571	1428	1047	428	441	556	413	381	454
HERVL40-int	1250	1352	919	1261	1038	628	1113	956	819	633	327	374	395	395	375	346
L1ME3A	12004	12202	10457	11286	8578	5499	10489	8617	7642	5737	3587	3613	4263	4098	3440	4030
(CCA)n	1386	1998	1527	1553	2014	1427	1925	1567	1248	1174	311	331	402	382	278	317
LTR2	1047	1086	1211	1362	976	641	1041	846	735	581	202	229	382	337	190	255
LTR16E2	1651	1784	1390	1670	1393	870	1499	1270	1118	810	239	254	271	249	183	244
LTR81B	323	327	299	364	302	169	338	243	244	157	114	113	79	97	125	108
MLT1H	9914	10638	9019	9601	8392	5447	9961	8520	6894	5814	1655	1673	1708	1656	1417	1650
L1M4	9127	8517	12300	12217	13649	7768	13773	11162	9913	7258	4537	4609	5680	5196	4655	5381
MER34C_	388	335	363	277	288	159	373	319	282	195	98	118	100	125	86	118
MER47B	753	803	925	971	782	446	798	617	515	438	207	188	260	239	206	225
MADE1	2603	2780	2787	2995	2335	1568	2999	2542	2034	1713	599	569	591	616	534	679
MER5A	20333	19833	18834	20958	18640	11765	20145	16867	14174	10833	5876	5858	6048	6066	5418	6170
(TCC)n	496	593	515	495	754	484	670	560	444	379	231	238	228	249	274	273
LTR82A	569	520	489	579	512	346	636	461	384	342	126	136	157	165	121	142
(CAGTA)n	2	1	0	0	0	0	3	2	0	3	21	52	13	15	17	28
MamGypLTR1b	2201	2525	3366	3344	1939	1234	1781	1452	1204	937	137	152	134	144	150	180
(ACCTG)n	5	19	2	6	2	7	3	5	2	3	2	1	0	2	2	1
LTR16B	328	397	425	418	354	222	412	328	285	203	74	78	73	78	66	58
MER31B	756	757	955	1053	993	563	1056	879	707	566	244	273	315	298	188	279
LTR16B1	1050	1217	1002	1206	943	591	999	896	673	572	171	180	174	198	166	161
LTR16C	4590	5203	3536	4057	3903	2645	4314	3708	2893	2360	713	729	759	637	539	690
(CTGGGG)n	125	115	95	141	155	106	212	160	136	106	70	72	88	74	55	83
LTR78	3059	3284	2709	2824	2245	1501	2509	2154	1663	1359	521	601	612	586	439	559
Kanga2_a	1743	1645	1492	1769	1897	1268	1937	1705	1329	1018	411	393	531	449	359	448
MLT1E	528	624	580	654	524	371	629	562	461	307	113	159	150	154	99	123
5S	390	352	339	390	412	258	387	325	233	219	179	189	200	157	189	239
MER92C	79	98	90	106	59	29	79	94	78	35	11	29	21	17	18	28
(TTCA)n	1733	1920	1484	1493	1261	765	1532	1218	925	813	308	317	357	361	253	330
(CCCTA)n	2	0	3	0	0	0	0	1	0	0	0	0	0	0	1	0
7SK	132	140	225	174	123	67	149	131	98	79	96	85	63	63	94	83
LTR86B2	71	78	57	46	56	31	65	58	39	38	35	33	52	60	35	55
MLT1J2	4719	5479	4765	4686	4142	2806	4977	4108	3294	2440	867	879	903	793	693	910
LTR12C	33698	43281	24573	27944	32618	22797	35761	29168	21213	19325	4156	4249	3434	3317	3270	3934
U13	4	7	10	4	9	1	3	4	1	3	1	2	1	2	0	1
L1M3b	417	398	389	327	319	194	363	285	250	155	60	72	58	82	52	69
MLT1L	8483	9175	7286	7826	5980	3865	7840	6585	5117	3882	2385	2405	2510	2311	2393	2910
MLT1H2	5590	5931	6050	5944	5905	3903	6206	5415	3884	3335	693	633	854	678	556	705
MLT1F-int	667	731	675	814	559	373	552	466	351	279	132	142	174	124	117	153
(GAGAA)n	733	965	319	359	180	158	327	249	196	157	15	8	4	1	3	11
LTR15	122	162	255	257	420	225	395	375	249	223	54	36	75	63	45	50
MER31-int	1582	1577	1359	1569	1229	693	1410	1171	861	715	377	330	510	528	308	363
LTR85a	975	1014	897	903	1123	684	1266	1034	856	550	206	197	181	194	188	153
LTR16D2	447	455	416	393	510	340	607	564	392	320	46	45	39	39	32	38
(TCCCC)n	293	291	245	232	198	133	239	214	164	111	77	78	127	102	69	92
LTR33	11798	13008	6932	7570	9865	6617	9279	7740	5579	4682	1180	1343	1347	1260	1118	1302
MER107	590	621	302	349	280	168	269	222	159	136	64	72	96	69	57	82
MER61B	320	327	316	384	319	235	354	293	189	197	61	75	82	107	75	58
(CTAGGG)n	171	193	69	90	166	130	155	102	86	67	10	14	14	12	13	6
HERV4_I-int	849	931	510	557	443	284	487	375	293	224	106	101	105	95	72	90
LTR53	694	799	522	532	462	342	589	507	388	266	107	109	82	98	87	106
PRIMA41-int	756	805	721	698	733	496	854	765	519	437	173	153	244	255	138	161
MER67D	568	526	490	444	461	249	504	438	362	200	64	83	59	33	31	60
MER34B-int	478	499	568	415	346	188	494	429	293	249	130	149	180	138	108	111
MER58B	5194	5405	5454	6123	5242	3171	4655	4049	2978	2152	1496	1533	1773	1800	1495	1770
MamRep1527	775	745	822	797	720	438	803	670	495	369	119	130	168	149	78	136
L1M3d	462	479	750	772	352	222	354	316	218	174	66	74	69	68	63	89
Tigger4	2391	2532	2408	2561	2340	1318	2534	2110	1462	1228	578	576	634	666	446	534
GSATII	1384	1568	1127	1289	1329	930	1701	1382	1058	734	80	102	47	35	59	110
Charlie10	997	991	1354	1406	878	551	930	808	588	423	237	209	230	178	201	250
PRIMAX-int	401	344	229	276	423	196	342	272	193	159	69	58	65	88	67	54
MER83A-int	35	38	20	46	31	15	56	41	31	24	24	15	29	16	11	22
Tigger16b	2190	1962	2276	2472	2627	1490	2777	2294	1699	1209	236	241	231	236	198	297
MLT1G1	3131	3444	2517	2639	2981	1800	3595	2989	2141	1617	552	640	676	634	454	677
UCON17	9	16	13	15	11	3	18	17	19	1	1	3	5	0	0	2
Tigger10	863	939	722	748	526	253	796	679	501	339	242	261	363	328	280	291
(CACGC)n	11	41	17	8	29	10	20	28	2	23	4	5	2	4	2	0
MER89-int	402	363	316	390	348	149	402	392	241	202	84	86	107	109	85	83
LTR18B	642	871	394	389	361	262	490	414	272	228	55	72	75	72	66	62
MLT1N2	4102	4145	3370	3728	3660	2315	4023	3184	2215	1766	782	733	811	784	651	817
HERV1_LTRc	97	95	133	130	105	67	117	81	63	45	5	6	2	2	4	0
(TATTG)n	53	76	46	40	47	31	51	23	20	19	15	20	18	13	20	22
LTR22C	594	717	305	355	374	295	438	335	248	171	119	101	174	209	94	123
LTR23-int	185	156	232	201	177	93	170	164	132	50	41	40	30	30	30	39
MLT1E1A	5568	6520	4301	3975	3275	2186	3962	3348	2224	1650	520	560	614	605	507	605
Eulor9C	58	45	52	42	50	29	43	44	30	16	13	6	20	7	4	17
MLT1-int	664	685	491	425	367	211	371	312	215	146	55	32	49	39	25	36
LTR88a	574	612	376	402	450	279	600	512	303	278	83	60	94	56	63	85
MER121	587	445	775	771	586	337	510	360	285	171	42	61	65	57	28	63
MER89	2119	2215	2316	2342	1894	1264	2457	2067	1444	939	243	272	215	253	195	270
LTR14B	1148	1364	774	855	931	659	1153	998	572	547	95	88	86	88	88	106
MADE2	1162	1016	964	979	802	506	1010	883	555	433	296	313	375	327	246	335
HERV17-int	9656	11175	5387	6606	5665	4064	5132	4170	2641	2178	718	645	866	848	542	744
MER97d	90	106	101	112	87	38	80	80	46	37	36	31	35	39	29	60
MER45A	2730	2983	2916	3259	2529	1639	2381	2085	1312	1007	365	320	344	316	286	386
MLT2E	377	419	360	387	340	241	406	370	222	180	42	34	61	54	45	41
MLT2F	2185	2360	1891	2133	2128	1419	2413	2069	1226	1085	285	253	296	290	253	277
LTR18A	370	478	241	191	233	178	280	270	143	140	39	30	45	30	30	51
(TAG)n	144	152	215	205	170	101	193	167	103	82	49	69	63	46	49	59
MER45R	514	454	565	532	466	260	488	434	272	200	67	77	68	71	75	76
LTR84a	334	287	434	345	152	100	306	229	178	95	96	94	127	96	100	89
LTR48B	797	865	709	744	689	445	818	771	459	349	238	208	265	205	167	213
HSAT4	319	343	170	336	180	141	177	124	82	67	17	26	0	2	2	13
(CAATG)n	22	19	8	20	19	8	10	14	11	1	0	1	3	0	0	2
(CAGGG)n	298	321	193	287	316	250	335	252	147	143	233	256	148	195	246	276
LTR16A1	3986	4285	2867	2914	3142	1994	3372	2727	1734	1306	328	314	324	313	238	350
MLT2B2	2061	2267	1709	1781	2157	1533	1985	1621	1019	767	252	263	327	297	299	286
MER73	575	629	378	405	575	388	761	678	369	340	36	43	38	39	21	41
(CAG)n	1152	1223	881	1209	1444	1029	1720	1498	834	751	581	608	246	322	698	768
MLT1E1	1139	1194	905	857	1148	714	1428	1210	757	546	182	234	227	191	194	180
MER84-int	103	98	59	109	98	65	130	93	69	40	19	21	23	31	14	14
MER41B	2240	2242	1847	2030	2155	1258	3085	2661	1681	1133	628	664	682	722	442	640
(CGATA)n	0	0	0	0	0	0	0	1	0	0	1	0	0	0	0	0
Arthur1C	228	189	221	232	394	243	389	316	227	108	60	69	85	58	54	68
(CGAGG)n	0	1	0	0	1	0	0	1	0	0	3	0	2	6	0	3
MER74C	484	595	289	388	235	171	341	279	150	137	49	45	56	61	40	39
AmnSINE2	464	403	444	425	411	268	471	352	218	163	25	24	33	42	38	31
MER95	60	44	106	131	114	67	99	73	50	29	25	36	27	28	19	22
HERVL18-int	1660	2122	886	874	1108	777	1370	1187	729	449	117	124	151	136	83	116
MER4D0	780	811	578	506	635	387	822	628	374	285	108	118	137	121	95	123
LTR7C	2855	3562	2243	2496	1707	1186	2397	2066	1075	949	255	295	312	325	205	194
PABL_A-int	937	797	891	979	784	450	920	687	422	304	187	176	195	227	190	200
LTR1C	1739	2141	860	1131	901	676	1350	976	536	494	58	69	106	101	61	84
MLT1E1A-int	106	131	169	99	112	65	169	123	84	45	32	33	32	14	38	53
LTR12E	273	346	279	294	239	160	351	315	163	131	43	47	45	21	37	18
LTR3B	554	608	456	507	421	366	558	496	236	228	62	58	70	70	44	50
LTR80B	525	460	765	755	540	334	455	401	242	137	41	55	68	47	59	52
L1MEg2	917	748	731	859	1138	685	881	754	427	287	184	179	190	171	152	214
LTR40A1	365	367	265	256	372	202	292	236	129	99	58	39	47	59	43	72
(CGAGA)n	0	0	0	0	0	0	0	1	0	0	0	0	0	0	0	0
MamRep564	883	886	778	829	832	511	878	721	332	349	83	79	76	75	38	83
LTR76	707	740	757	885	1019	644	811	704	334	314	331	300	226	268	373	405
LTR14A	213	259	147	97	119	78	172	125	60	64	24	18	17	24	6	24
UCON24	11	7	5	0	1	0	2	4	2	0	4	3	0	0	0	1
LTR50	2933	3096	2598	2895	2475	1712	2965	2514	1309	959	351	402	442	440	338	415
MER67B	5860	7103	4706	5312	4951	3389	6430	5307	2551	2227	149	163	134	147	122	218
MER50	6050	6901	4862	5092	5555	3714	5891	4947	2346	2051	578	506	495	481	416	451
UCON5	137	95	69	88	128	91	163	168	73	61	9	8	6	11	3	18
LTR40a	3546	3861	2343	2219	1941	1230	2333	1995	1026	737	311	332	405	427	349	334
MLT1K-int	740	837	289	369	733	487	1061	821	454	302	26	16	32	21	15	34
LTR88b	2167	2091	1960	2086	2238	1290	1655	1458	752	499	182	189	180	164	153	155
HERV1_I-int	703	649	760	978	787	454	649	604	248	244	26	30	49	54	45	60
LTR22A	630	710	308	285	446	349	580	506	206	217	41	51	57	56	26	47
(CAAGG)n	9	6	2	3	10	7	5	9	3	2	2	0	0	2	0	2
LTR26E	290	319	271	376	254	161	349	326	149	115	54	59	63	74	37	67
MER20B	7631	7252	6639	6934	4653	2760	6926	5830	2857	2133	987	964	1184	1078	933	1039
MER57-int	3315	3196	2209	2212	2294	1364	3025	2508	1231	916	307	404	559	567	398	425
LTR1D	2090	2615	1424	1819	1547	1174	1908	1593	759	589	189	210	240	188	156	234
MamRep1894	694	765	497	644	678	419	873	741	345	274	160	142	171	174	157	197
LTR45C	1955	2100	1345	1782	2098	1475	1957	1604	805	543	101	70	82	62	106	110
LTR32	3828	4465	3316	3844	3289	2513	4778	4167	1756	1576	218	189	255	221	161	187
MLT1A-int	1413	1361	1458	1572	1285	834	1418	1163	461	483	86	72	57	76	59	93
HERVK14-int	2330	2482	1307	1402	1398	826	1769	1606	686	557	151	154	123	87	106	166
TAR1	1643	2211	1334	1712	1692	1266	1455	1222	544	432	49	65	29	34	21	43
HSMAR2	4414	4241	4113	4513	6463	3691	5010	4307	1958	1376	553	521	716	695	501	560
MER11D	635	821	539	489	334	222	466	352	170	120	40	39	46	49	15	19
(TAAAG)n	20	20	11	9	13	10	14	10	6	2	1	3	3	4	6	2
Eulor1	17	25	19	25	13	8	29	14	6	8	7	5	8	1	1	4
U3	104	139	100	104	72	42	171	124	59	43	35	27	50	46	21	42
MER75A	107	84	73	82	119	65	118	92	41	30	18	16	18	11	23	15
(CATAA)n	54	52	47	52	47	48	61	46	25	11	4	3	11	9	3	3
MLT2B5	1157	1312	749	743	1046	628	1256	1084	386	381	46	63	56	87	51	82
L1P4a	2477	2151	2293	2341	2757	1481	2978	2593	1029	798	141	144	131	121	78	179
UCON20	11	9	21	6	3	1	1	7	2	0	3	1	4	0	2	3
(CAATA)n	252	366	198	236	379	238	328	303	94	103	7	10	9	9	12	16
HERVS71-int	16869	17863	18242	18362	19721	12596	20727	17304	6529	5212	357	366	453	477	244	421
MER66-int	3084	3075	1487	1454	1452	894	1947	1706	631	494	127	132	171	197	129	120
(GGAGA)n	79	76	86	72	92	62	101	95	38	22	1	9	2	8	4	6
(CATAG)n	0	0	13	2	0	0	2	0	0	0	2	4	20	6	0	1
MER51E	3135	3690	2939	3668	3805	2731	3896	3029	1123	984	45	55	59	59	52	66
LTR6B	1801	1851	2124	2097	2016	1308	1789	1580	571	450	124	109	210	172	123	165
(CCTAT)n	36	53	23	31	37	35	37	30	11	8	7	0	7	1	3	3
HERV1_LTRe	49	56	27	26	35	26	45	40	18	7	4	2	0	2	2	1
LTR72B	273	338	161	159	166	101	401	300	117	90	30	22	22	22	21	28
LTR17	17455	23443	10171	11950	10475	7634	9582	7945	2719	2443	508	500	694	597	443	588
(ACTAG)n	1	0	0	0	2	0	1	2	0	0	0	0	4	0	1	0
MER44A	1062	1037	2811	2717	4427	2485	4170	3464	1073	921	540	533	573	649	585	574
(TTAGGC)n	209	277	165	198	178	124	160	162	38	43	38	48	28	32	55	62
U4	37	40	79	82	42	24	116	89	36	14	5	10	13	14	6	5
MER68-int	6329	6401	4106	4317	4260	2587	4798	3987	1157	955	285	285	222	246	240	320
(ACTG)n	161	190	126	123	135	93	137	123	29	28	2	2	1	4	6	6
UCON19	0	2	1	0	1	1	1	2	0	0	2	1	0	0	6	1
(CTCGG)n	3	17	4	13	12	9	14	15	4	1	1	4	9	8	2	2
HERV1_LTRb	1	2	0	0	0	0	3	2	0	0	1	1	5	2	1	6
UCON18	7	5	4	3	12	3	13	13	1	1	0	0	0	0	0	1
