    ASO-CtrA.1	sO-L1int.1	ASO-L1in.1	ASO-ORF2.1	ASO-CtrA.2	sO-L1int.2	ASO-L1in.2	ASO-ORF2.2	ASO-CtrA.3	sO-L1int.3	ASO-L1in.3	ASO-CtrA.4	sO-L1int.4	ASO-L1in.4	ASO-ORF2.4
AluSp	25212	25004	30805	33508	33657	26979	38517	25968	30390	34729	36498	28083	27857	28604	50243
AluY	30018	30428	37246	40704	40227	32599	47458	32233	38529	43266	45871	35330	34727	35495	62744
L2b	28351	27469	32857	35683	35653	30066	42936	28017	32083	36770	39123	30085	28992	30169	53048
L1PA10	2476	2388	2325	2322	2962	2441	3114	1951	3167	3561	3359	2912	2864	2690	4311
L1PA2	3097	3215	2010	2182	4479	3427	2719	2003	4447	4994	3166	4381	4362	2568	4980
L1MB7	7998	8101	9169	10064	10284	8505	11962	7973	9083	10338	10651	8351	8178	8577	14852
ERVL-E-int	1319	1247	1410	1576	1738	1433	1849	1385	1598	1826	1749	1451	1399	1377	2522
L2a															
L1ME1	8303	8377	9563	10428	10679	8746	12023	8096	8949	10280	10772	8353	8234	8507	14667
L1PA7	3825	4031	3831	3968	4608	4037	4947	3262	4941	5717	5137	4644	4657	4008	6847
L1PA3	4009	4138	3435	3550	5271	4486	4373	3058	5619	6439	4853	5133	5473	3947	7046
AluSq2	22378	22339	27266	29672	29791	23946	34471	23469	26964	30460	32474	25199	24550	25939	44871
HSMAR2	2283	2345	3016	2999	2980	2446	3722	2315	2429	2723	3236	2218	2163	2482	4277
MLT1J	3632	3588	4415	4668	4964	4030	5557	3847	4219	4857	4961	4040	3966	4155	7142
MIRb															
THE1B	2990	2957	3353	3601	3991	3184	4280	2771	3623	3952	4019	3501	3249	3229	5572
AluSx1	56190	55509	67223	71675	75333	60270	84592	55818	65447	75172	76838	61306	59643	61439	106841
MER58A	4552	4592	5229	5505	6052	4868	6629	4373	4899	5641	5616	4688	4490	4577	8004
LTR12C	6827	6689	6024	8582	9539	7326	7810	7137	9964	11013	8095	9010	9117	6588	16479
MIR3	40764	40090	49287	51914	55441	44290	61540	40904	46271	53786	54482	44652	42553	43908	78964
L1ME2	3221	3245	3608	3933	4038	3479	4592	3073	3675	4059	4054	3436	3204	3410	5803
L3	17448	17235	20717	22804	23814	19183	26248	18391	21009	24381	23789	20341	19388	20074	36353
AluSc	16543	16645	20453	21917	23194	18221	25347	17468	20278	23129	23040	19075	18568	18628	32698
L2	17794	17558	20422	22819	23212	19222	27595	17697	21001	24151	25426	19902	19368	20133	34861
AluJb															
L1MEc	4385	4558	5070	5425	5636	4876	6690	4130	4948	5638	5663	4710	4376	4495	7726
Charlie1b	971	991	1290	1256	1293	1071	1489	1036	1076	1194	1411	1014	960	1177	1900
AluSx	53857	53825	65765	71311	71008	57488	83911	56151	64194	72877	77716	59216	57623	60746	105823
MIRc	30702	30588	36751	39381	40471	32647	46899	31341	35655	40384	42288	33647	32331	33513	59677
MER21C	2320	2176	2583	3006	2911	2350	3392	2418	2694	2989	3168	2443	2318	2522	4489
AluSx4	1785	1796	2210	2406	2332	1916	2873	1867	2267	2589	2816	2085	1995	2147	3679
L4	6624	6718	8387	7897	8900	7246	10353	6585	7441	8516	8668	7122	6813	7173	12426
L1MA9	2404	2596	2891	3220	3267	2689	3611	2515	3036	3465	3531	2826	2752	2809	4811
AT_rich															
L2c	36242	35737	41374	44988	46075	38179	54048	35711	41758	46702	48991	39353	37743	39148	68342
L1MB3	4779	4707	5455	5858	5893	4799	7169	4799	5477	6165	6440	5216	4953	5268	8843
THE1B-int	1533	1540	1759	1851	1989	1648	2204	1395	2146	2397	2389	1932	1973	1873	3223
MER58B	2822	2802	3301	3644	3770	3049	4248	2959	3330	3740	3759	3062	2857	3003	5297
AluJr	29697	29199	35868	38928	38660	32026	45836	30692	35072	39451	42270	32273	31759	33485	57764
MamRep1527	98	92	131	92	146	109	155	89	120	150	139	136	121	111	214
MIR															
THE1D	1780	1803	2004	2060	2318	2004	2421	1706	2007	2252	2296	1848	1771	1856	3125
SVA_D	2112	2090	2546	3112	2890	2334	3283	2524	2511	3018	3014	2350	2445	2405	4414
FRAM	2092	1943	2275	2480	2499	2077	2938	1870	2374	2533	2825	2039	2005	2119	3570
AluSg	21401	21490	25946	28484	28805	23599	33015	22327	26583	30297	30982	25094	24193	25014	43996
LTR47B	79	81	96	91	102	67	154	68	102	93	120	90	84	118	161
L1PA8A	592	616	534	519	794	593	730	399	811	903	779	734	707	614	961
AluJo	28674	28312	34902	37540	36973	30317	45353	29055	33293	37954	41000	30913	29858	32322	54837
MER6B	136	155	165	168	186	151	212	154	150	187	163	139	128	161	236
LTR76	78	109	132	166	139	98	152	120	156	143	145	116	130	110	274
L1PA6	2644	2870	2480	2502	3382	2987	3234	2183	3712	4298	3442	3490	3539	2812	4682
LTR85c	143	142	146	170	192	106	166	156	151	182	197	154	163	143	304
L1M2	20733	19009	21522	21415	29097	20344	29245	16717	18460	18893	19547	17893	16653	16022	27146
Mam_R4	866	982	1113	1293	1287	1006	1230	1044	992	1181	1086	943	941	931	1881
HAL1	15803	15787	18327	19682	21449	16557	23026	16326	20247	23276	21808	19716	17987	18859	32905
L1PA14	395	445	399	466	544	482	484	356	541	667	615	522	508	457	797
AluSz	43709	43606	54179	58380	58342	46890	68758	45721	52246	59760	63155	48534	47340	49707	85766
L1MA10	1331	1397	1501	1614	1830	1477	1858	1190	1465	1550	1533	1352	1240	1368	2199
L1M1	2501	2601	2659	2895	3150	2626	3255	2513	3616	3841	3744	3329	3257	2912	5803
(CA)n	7538	6939	9374	10214	10887	8354	11447	8126	9269	10618	10826	8726	8618	8697	15618
L1ME3	2532	2567	2899	3140	3204	2514	3557	2516	2895	3090	3125	2571	2572	2653	4544
L1PBa	483	426	418	509	541	419	615	418	667	675	665	568	498	517	841
L1PA15-16	129	109	126	155	161	110	168	116	138	159	180	149	122	146	226
MLT2B4	468	479	568	579	636	497	674	462	588	681	706	570	555	542	925
MER21A	729	670	843	885	857	739	1123	646	795	943	977	706	731	718	1220
MLT1F2	1070	1049	1292	1417	1327	1153	1737	1110	1341	1392	1639	1196	1205	1235	2207
L1M4	4207	4331	4883	5397	5379	4698	6276	4374	4976	5690	5747	4519	4521	4528	7982
AluSc8	8235	8289	10098	11244	10823	8739	13172	9138	10246	11588	12586	9427	9124	9857	17162
Arthur1	99	100	122	160	139	108	179	117	112	130	148	105	107	97	223
L1MDa	1708	1698	2006	2192	2261	1756	2583	1748	2066	2169	2384	1884	1686	1881	3184
MLT1M	752	719	868	735	937	739	1068	638	803	952	888	755	736	803	1345
LTR24C	28	26	31	35	20	37	39	26	34	33	43	30	26	26	44
MER65D	140	105	159	155	168	121	202	123	149	173	210	120	115	134	230
Charlie25	93	84	93	103	120	104	120	102	93	107	110	74	102	101	126
MLT1B	3317	3298	3766	4182	4319	3567	4927	3385	3641	4350	4452	3510	3446	3429	6380
HERVH-int	328466	280975	348432	312609	449804	313237	476372	261621	274005	291914	308609	273988	248611	245206	413084
MER58D	217	224	220	302	310	230	302	222	191	210	223	193	174	190	335
L1MC4	12312	12430	14681	15089	15933	12964	18375	11962	13495	14975	15732	12555	11782	12474	21492
L1ME4a	18103	18633	21003	24554	24367	19493	26270	18618	19429	23096	22176	18428	17886	19419	33951
Tigger3a	1862	1936	2343	2447	2466	1993	2865	1952	2184	2431	2582	1953	1846	2010	3560
L1MB8	9644	10110	10412	11036	12983	10411	13441	8832	10567	11725	11680	9845	9471	9312	15640
MER20	5548	5509	6591	6996	7195	5819	8305	5330	6719	7802	8045	6236	6132	6276	10744
(CAAAA)n	1095	1140	1403	1599	1528	1230	1654	1305	1286	1366	1371	1102	1053	1147	2309
MER52-int	65	55	63	74	79	54	84	39	90	79	80	68	91	60	105
HERVK-int	55479	58620	79345	78599	69844	62741	102874	63223	45500	54886	65885	43585	45500	51690	81580
LTR7B	481	501	588	632	667	543	814	493	554	614	680	508	440	588	976
MLT1H	2110	2114	2578	2858	2699	2325	3288	2202	2654	3045	3039	2547	2489	2576	4489
LTR37A	856	872	1049	847	1132	992	1343	754	909	1113	1078	876	898	882	1355
(TA)n	5019	5197	6015	6601	6942	5535	7662	5281	5740	6936	6670	5422	5387	5561	9687
LTR38B	31	26	34	25	22	29	41	22	33	24	33	30	20	38	52
MER39	345	366	360	390	462	364	456	311	435	431	488	393	423	371	619
MLT1A0	4996	4997	5583	6182	6738	5287	7325	4789	5631	6319	6256	5335	5218	5084	9168
MER11C	930	1013	1053	1143	1112	947	1202	885	1183	1322	1154	1034	1022	958	1744
L1MC	2002	2037	2249	2432	2502	2075	2966	1947	2238	2421	2605	1970	1874	2114	3526
LTR7C	220	248	259	316	318	255	336	237	233	282	304	213	245	234	447
MER5B	5909	5932	7280	7889	8016	6427	9055	6229	6944	7761	8178	6550	6094	6649	11644
AluSz6	17588	17368	21019	23168	22760	18577	26583	18402	21162	23737	25484	19431	19210	19755	35175
MER53	508	526	616	676	656	611	845	508	543	641	676	536	473	489	923
AluSx3	17559	17242	21408	22876	23567	18853	26397	17926	20209	23507	23821	19289	18707	19160	33890
SVA_F	679	681	865	980	963	789	997	790	815	971	1040	827	813	859	1627
MLT1L	5583	5465	6204	6615	8127	6337	7969	5225	5483	6478	6250	5388	5212	5361	9571
GA-rich	38545	38075	46993	51829	57674	44303	59628	43189	47534	55590	55028	45998	44605	45665	85890
L1M3	1757	1758	2060	2400	2357	1947	2609	1789	1815	2111	2010	1688	1692	1672	3079
MER41B	418	436	505	542	543	466	635	442	534	632	636	434	472	451	849
Tigger1	8131	8365	9677	9641	10394	8640	12497	7951	9532	10849	11171	8772	8483	8814	14640
(GAA)n	2394	2226	2956	3049	3410	2613	3656	2688	2942	3469	3369	2862	2894	2860	5152
L1MC1	3744	3693	4088	4481	4648	3870	5241	3673	4204	4512	4778	3811	3550	3870	6540
MLT1I	1296	1294	1486	1568	1623	1386	1864	1261	1454	1698	1672	1448	1397	1413	2484
L1PA5	2666	2989	2535	2710	3372	2899	3388	2213	3611	4119	3586	3270	3454	2785	4791
L1PA4	3484	3745	2914	3211	4588	3975	3882	3034	5370	6110	4466	4875	5104	3611	6923
LTR33	1426	1308	1523	1680	1748	1478	1946	1334	1552	1738	1875	1453	1496	1413	2635
MER33	2850	2934	3204	3411	3567	2955	4079	2711	2935	3380	3432	2745	2628	2852	4856
L1MC3	2489	2390	2761	2979	3054	2576	3508	2241	2886	3178	3262	2548	2492	2537	4334
FLAM_C	8677	8677	11403	11638	11695	9577	14419	9014	9650	11295	12797	9407	9067	10047	16616
AluJr4	6603	6460	8099	8640	8606	6999	10326	6678	7653	8874	9561	7259	6994	7451	12509
L1M5	14834	14642	16933	18789	18639	14993	20998	14614	15793	18097	18769	14744	14571	15412	26098
Harlequin-int	1033	996	977	1033	1119	984	1408	833	1054	1096	1244	912	896	904	1589
L1PA15	3023	3164	3120	3743	4159	3365	4032	3127	3634	4214	3681	3429	3241	3164	5953
LTR16A	1183	1153	1257	1261	1474	1228	1593	1019	1229	1363	1493	1164	1133	1067	1944
L1MA1	1237	1275	1383	1502	1584	1420	1860	1196	1618	1719	1827	1399	1450	1349	2255
MER41-int	2302	2032	2178	2062	2699	2057	2758	1684	2161	2213	2303	2076	1746	1791	3027
L1PA17	1135	1052	1207	1329	1350	1071	1438	1096	1184	1274	1380	1128	972	1059	1928
L1PB4	1080	1112	1193	1265	1359	1174	1557	1022	1306	1456	1540	1219	1137	1203	1991
L1M4b	1866	1911	2143	2238	2250	1941	2782	1859	2087	2321	2377	1808	1854	1842	3161
L1PB1	4109	4193	4209	4819	5064	4308	5597	3968	5175	5734	5811	4779	4765	4469	7848
L1PA13	6381	6473	6787	6452	8520	6857	8418	5253	6207	7092	6400	5925	5941	5476	9250
L1MB1	1045	1057	1261	1277	1264	1036	1604	1038	1210	1276	1467	1071	1005	1101	1861
HERVI-int	1335	1185	1282	1570	1577	1260	1757	1344	1564	1584	1682	1307	1322	1206	2388
MLT1E1A	494	569	617	657	681	592	804	503	649	764	733	570	569	578	1047
MLT1C	5040	4801	5349	5937	6296	5154	6631	4690	5678	6500	6541	5241	5160	5044	9047
MER82	836	819	968	969	1013	792	1148	753	903	1102	1111	872	892	872	1484
MamGypLTR1b	343	288	373	491	411	344	529	388	540	593	649	453	501	506	1017
L1MA7	2901	2978	2883	3087	3538	2912	3720	2368	2794	3155	3281	2533	2570	2418	4250
LTR85a	126	115	136	161	150	131	194	136	134	174	197	159	122	136	286
L1MB2	2806	2879	3254	3539	3694	3063	4152	2790	3218	3647	3658	2879	2783	3015	5006
L1PA8	1909	1922	2062	2288	2533	1997	2785	1703	2157	2351	2523	1951	1916	2038	3362
MLT2A1	221	243	281	331	325	269	368	254	340	347	429	282	273	326	504
MLT1J1-int	27	32	33	42	44	28	48	26	42	33	39	30	33	39	54
L1P1	574	558	546	611	777	639	685	482	692	717	629	622	610	536	951
LTR16A1	394	413	516	551	529	459	631	443	526	596	608	455	456	482	864
MER31-int	394	412	419	449	470	399	505	392	435	498	466	412	394	383	616
LTR1B	170	182	177	239	251	161	276	203	258	238	276	233	235	223	485
(TG)n	7646	6933	9474	9850	10589	8449	11461	7935	9184	10100	10256	8594	8131	8537	15037
THE1A-int	1715	1608	1803	2099	2319	1836	2298	1762	2027	2357	2194	1990	1861	1821	3420
MLT1D	4165	4279	5383	5589	5668	4433	6646	4318	5291	5854	6285	4831	4807	5021	8475
HERVL32-int	3	3	4	9	5	5	6	4	7	7	6	5	8	5	12
L1MA3	2510	2729	2674	2831	3095	2653	3523	2200	2955	3335	3375	2641	2673	2517	4340
ERVL-B4-int	1079	1117	1094	1259	1391	1168	1505	1002	1184	1416	1305	1149	1153	1040	1869
AmnSINE1	383	417	536	553	517	419	616	461	442	535	548	421	442	509	837
MER41E	63	69	70	73	63	62	89	58	65	78	82	71	59	74	143
LTR10C	217	242	239	319	312	215	362	248	288	327	318	253	299	245	476
THE1C	1507	1606	1729	1891	2213	1696	2280	1554	1774	1907	1961	1534	1600	1588	2699
MLT1K	4404	4398	5317	5599	5673	4807	6787	4351	5208	5849	6174	4887	4683	4936	8220
Charlie8	1103	1083	1371	1441	1481	1214	1686	1122	1240	1470	1586	1223	1157	1270	2101
LTR78	1119	924	1185	1138	1418	1111	1573	871	954	1118	1171	962	895	915	1505
X6B_LINE	237	271	370	413	419	298	498	300	381	302	485	358	319	353	593
MER68	953	948	1185	1176	1185	1000	1478	960	1213	1363	1474	1094	1048	1187	1891
MSTB1-int	17	22	28	24	32	16	32	19	36	25	27	24	24	25	42
HAL1b	1593	1555	1825	1854	1875	1581	2386	1536	1772	1922	2213	1664	1536	1772	2838
L1MC2	1764	1859	2010	2132	2335	1869	2581	1703	1954	2151	2168	1748	1664	1823	3095
HERV17-int	1256	1155	1100	1328	1662	1356	1382	1063	1247	1432	1204	1219	1092	989	1822
MER34	154	132	163	194	210	159	211	134	180	173	197	156	146	157	283
L1MA2	1547	1598	1619	1753	1851	1627	1944	1433	1963	2163	2137	1796	1734	1745	2843
L5	123	137	150	178	185	141	199	150	151	173	193	122	135	166	270
L1MC4a	7481	7686	8795	9699	9773	8092	11302	7957	8680	10004	10280	8249	7604	8241	14249
MER4E1	359	359	390	396	389	410	525	329	359	418	513	319	310	351	607
MER47A	961	991	1195	1263	1267	1056	1522	1088	1124	1221	1355	1038	903	1113	1871
L1MC5	6783	6705	7601	8437	8792	7123	9719	6686	7549	8378	8594	6802	6748	6903	12378
MER49	700	672	867	897	947	790	1037	681	718	825	817	670	652	674	1151
L1ME3A	4608	4695	5636	5534	5998	4977	7309	4345	5176	5615	6190	4797	4633	4825	7908
THE1C-int	1293	1209	1463	1560	1784	1386	1895	1214	1233	1537	1460	1284	1238	1182	2116
LTR26	83	98	87	113	128	88	129	84	115	114	114	93	102	96	190
MLT1A1	995	1074	1114	1246	1325	1109	1485	984	1242	1420	1373	1052	1070	1099	1914
Charlie3	120	128	140	153	149	130	206	144	146	194	196	170	192	146	262
LTR41	658	626	762	863	903	693	992	656	773	916	935	731	784	741	1265
MLT2A2	1693	1664	1713	1708	2152	1758	2422	1348	1679	1807	1925	1721	1542	1384	2381
(TTTTG)n	1501	1441	1841	1893	2055	1620	2245	1588	1651	1826	1853	1613	1437	1564	2720
L1MCc	330	297	322	386	407	293	438	290	394	409	447	354	359	328	503
L1PA16	3930	4073	4146	4452	5393	4274	5300	3609	4905	5425	5158	4487	4213	4134	7135
L1MCa	1894	1823	2055	2034	2277	1890	2512	1658	1867	2082	2077	1772	1633	1700	2842
MER4C	212	227	243	271	266	250	303	226	270	305	313	284	275	262	464
HERVL-int	745	780	761	910	959	824	1172	707	902	1033	1163	849	872	894	1339
(A)n	9887	9870	12693	13755	14595	11347	15792	11015	11502	13306	12882	10729	10651	11264	19781
L1ME5	832	871	989	1069	1060	919	1170	845	979	1115	1173	953	904	890	1580
MER102b	1398	1332	1608	1733	1696	1501	2113	1390	1563	1798	1839	1468	1430	1478	2628
L1MEe	3271	3238	3827	4560	4314	3365	4741	3593	3687	4375	4189	3671	3470	3590	6838
MER77	1234	1175	1295	1556	1799	1352	1641	1192	1536	1703	1461	1434	1333	1235	2316
L1MEf	3137	3198	3587	3724	3871	3242	4408	2924	3388	3703	3942	3130	3020	3090	5207
LTR16E2	281	236	289	297	322	300	352	235	301	339	307	278	243	240	482
L1ME3C	11375	11580	11131	12210	14246	11421	14266	9136	10089	11369	10867	9495	9009	8856	15390
L1MD3	1314	1282	1533	1724	1762	1406	2052	1413	1486	1699	1688	1336	1368	1568	2643
L1P4	324	336	384	455	377	357	486	389	412	454	514	378	371	433	750
LTR18A	11	18	18	21	31	12	19	21	20	15	21	8	21	19	24
ALR/Alpha	198	163	174	206	234	205	224	180	256	242	173	202	214	196	392
L1MEd	2524	2398	2712	2976	2962	2537	3475	2389	2715	3112	3267	2613	2453	2601	4451
A-rich	8508	8517	10590	11517	12078	9552	13334	9302	9827	11452	11573	9293	9128	9707	16981
L1P5	20	21	34	26	17	12	32	19	21	25	29	17	16	22	35
MER20B	1452	1427	1858	1891	1994	1591	2191	1539	1549	1804	1919	1506	1428	1563	2450
L1MA5	1013	960	1160	1205	1128	956	1482	942	1007	1173	1417	970	991	978	1680
L1ME3D	1123	1171	1372	1457	1398	1258	1616	1178	1359	1504	1468	1231	1220	1208	2163
LTR10A	139	190	178	316	231	190	282	215	251	250	268	210	205	258	422
L1MD	1845	1817	1926	2158	2184	1914	2455	1691	2010	2306	2158	1921	1919	1800	3145
PABL_A-int	207	194	221	227	266	227	291	191	234	212	244	187	196	195	347
MSTB-int	146	121	155	162	173	165	205	134	168	176	214	136	149	160	274
L1HS	692	783	574	617	1066	865	694	564	1212	1408	959	1110	1181	757	1400
(CATA)n	444	415	466	498	571	408	564	354	392	396	450	369	338	345	679
L1MA8	3160	2958	3224	3639	3924	3142	4365	2806	2847	3125	3278	2692	2492	2487	4385
MLT1G1	744	721	904	959	920	755	1101	783	855	1003	986	754	780	867	1442
MSTD	1104	1137	1399	1478	1400	1244	1788	1109	1329	1491	1500	1149	1169	1301	2102
L1PBa1	271	317	289	300	341	311	358	215	404	454	407	355	315	304	585
L1PA11	909	840	979	914	1161	913	1293	726	1197	1323	1223	1164	1038	1056	1648
L1M4c	6213	6505	8509	8684	8647	6839	10763	6844	7444	8673	9823	7268	6903	8156	13421
LTR54	140	156	133	150	160	117	188	124	138	167	172	130	99	135	199
LTR16E1	282	278	261	296	359	340	342	240	316	366	338	274	272	280	483
L1MA4A	900	881	823	1028	982	884	1113	820	1090	1112	1176	971	860	914	1563
MER4D1	3484	3582	4214	3479	4528	3687	5314	2753	4125	4932	4754	4030	3772	3905	5783
PRIMA41-int	191	247	170	254	226	230	239	210	174	238	239	155	181	160	263
LTR39-int	11	6	9	14	12	4	13	6	13	16	15	12	18	9	12
AluSg7	3992	4000	4996	5745	5520	4430	6484	4526	5071	6001	6120	4834	4636	4879	8780
MER66-int	120	135	155	191	159	143	192	147	141	197	194	126	143	140	316
MADE2	457	436	565	547	513	473	688	511	477	568	545	454	431	464	800
MER3	3231	2982	3860	4240	4185	3313	4871	3334	3600	4284	4475	3394	3287	3447	6351
LTR8A	1010	969	1078	1135	1160	1036	1323	950	1059	1132	1200	1006	935	959	1692
MamRep434	788	853	1072	1110	1120	899	1361	893	988	1003	1080	854	821	914	1547
L1MA4	1841	1907	1804	1868	2158	1890	2399	1472	2188	2398	2394	1926	1929	1880	2992
AluSq	9513	9452	11589	12818	12437	10133	14807	10079	11324	12939	13711	10476	10475	10781	19136
L1ME3F	1481	1467	1735	1778	1812	1546	2177	1446	1598	1756	2016	1498	1476	1617	2722
MER5A	9197	9007	10665	11179	12025	9833	13592	9161	10331	11642	11851	9790	9208	9648	16640
Charlie1a	2334	2240	2476	2730	2882	2345	3078	2120	2595	2802	2808	2323	2145	2247	3914
MER57A1	193	183	210	231	231	201	294	154	201	246	231	224	218	197	315
L1PREC2	2608	2483	2756	2616	3382	2763	3728	2310	3084	3473	3295	2973	2741	2609	4538
L1MD1	2582	2650	2938	3037	3516	2765	3757	2525	3178	3354	3450	2944	2769	2802	4734
MER76	229	224	240	263	267	220	324	221	266	282	282	251	214	195	366
L1MA6	804	788	883	981	983	793	1078	771	1040	1061	1082	946	815	880	1504
LTR16C	1189	1264	1288	1460	1463	1336	1705	1091	1335	1596	1541	1240	1205	1241	2044
LOR1-int	1129	1208	1365	1326	1692	1388	1663	1106	1251	1496	1439	1248	1283	1259	2076
AluSg4	2592	2529	3194	3450	3267	2639	3792	2591	3131	3447	3689	2863	2768	2898	5026
MER57C2	20	30	26	32	32	25	32	27	21	36	31	21	17	23	45
MER67D	606	599	534	612	796	576	723	436	456	434	479	452	377	359	594
L1MD2	7053	7103	9476	8288	8978	7435	11424	6291	7142	8250	9315	6656	6355	7234	11036
Charlie4z	3641	3813	4451	4829	5049	4089	5631	3811	4150	4831	4690	3970	3817	3892	6860
Tigger13a	648	621	694	720	802	688	939	605	738	873	849	660	658	648	1118
L1PB3	852	845	860	983	1066	795	1152	874	1038	1058	1115	858	882	875	1539
MLT1H1	609	594	695	701	763	653	829	598	787	827	791	639	708	667	1138
LTR8	2325	2394	2873	2562	3001	2557	3626	1984	2606	3027	3050	2567	2424	2419	3980
MER119	310	308	310	373	389	333	418	279	332	346	384	326	321	296	501
MER115	453	399	466	447	516	431	627	331	443	456	518	391	397	396	646
UCON11	0	0	0	0	0	0	0	0	2	2	1	0	0	0	1
MER52D	218	201	287	279	314	220	343	231	310	366	349	284	319	289	525
L1MEg	2692	2546	2632	3082	3086	2563	3682	2461	2665	3040	3265	2475	2406	2414	4096
L1MEg2	156	155	176	161	195	147	236	175	181	212	213	185	134	154	273
MER1A	880	787	1006	1100	1110	918	1252	882	1031	1172	1254	968	929	909	1597
Charlie10	679	682	782	896	904	777	1003	753	746	842	788	676	662	747	1201
MER112	1150	1209	1499	1723	1599	1273	2020	1366	1476	1655	1820	1346	1318	1516	2589
MER51A	513	562	650	731	761	602	829	552	562	675	668	528	533	569	990
(TGG)n	7977	7233	9067	9675	12060	8643	11530	7942	8814	10770	9926	8992	8770	8574	15431
HSAT4	21	8	18	26	15	15	18	18	33	18	23	26	29	18	49
(TTATA)n	27	21	23	23	25	25	43	9	18	23	25	20	28	25	33
(GTGTG)n	14	6	10	11	9	4	22	5	17	16	12	13	14	14	20
LTR28	97	89	80	93	105	92	130	85	105	114	130	92	90	87	158
Charlie7a	206	223	271	271	312	247	371	207	250	302	297	195	218	237	414
(CTAGT)n	37	41	30	26	52	52	50	22	49	45	43	49	40	28	51
MER50	1118	1088	1124	1121	1503	1159	1425	858	1110	1213	1201	1049	945	961	1597
L1MB4	3274	3318	3405	3996	4192	3395	4471	3096	3640	3950	3949	3437	3224	3173	5504
(CGG)n	10039	10361	14293	13525	14710	12465	18427	12671	14028	15009	15780	12478	12720	13376	24347
LTR7	24341	21908	27445	27270	34296	24866	35589	20820	22371	23767	25583	21563	20020	21041	34317
AluSc5	2036	1947	2425	2549	2576	2015	2965	2112	2478	2902	3036	2337	2270	2320	4208
Tigger4	880	1029	955	1128	1226	1036	1142	931	1015	1187	1049	897	905	865	1563
MSTB1	897	894	1046	1091	1117	938	1336	862	1060	1176	1186	920	925	1016	1729
MSTA	4667	4425	5309	5800	6438	4766	6986	4536	5506	5985	6142	5155	4966	5083	8816
MER4A	680	708	839	855	1002	764	1086	728	883	1035	927	801	778	766	1381
L1ME3B	2309	2355	2644	2960	2971	2418	3281	2311	2462	2840	2850	2345	2378	2314	4287
LOR1b	97	99	100	142	136	113	139	125	118	119	148	105	125	124	236
MLT1-int	49	58	74	56	67	47	70	52	40	58	59	56	38	57	75
L1M3e	136	127	143	150	164	118	202	131	169	188	178	152	151	139	243
L1M3a	619	618	856	813	830	686	1026	674	700	794	877	666	595	626	1060
(CCCTAA)n	50	50	61	56	67	47	111	50	52	70	75	54	48	46	114
TAR1	14	21	36	23	22	22	40	21	35	41	37	34	38	23	56
Plat_L3	1177	1216	1258	1455	1583	1193	1694	1116	1372	1412	1503	1238	1256	1193	2183
MLT1A	1510	1519	1636	1811	1984	1584	2149	1380	1880	2106	2089	1699	1605	1675	2923
(TC)n	1611	1402	1975	2023	2293	1859	2346	1739	1867	2170	1982	1764	1687	1720	3203
L1MB5	5343	5366	6832	7403	7420	6176	9050	5706	6736	7815	7829	6311	5983	6588	10684
AluYc	956	923	1147	1311	1293	1041	1492	969	1175	1314	1464	1083	1025	1164	1812
MLT1J2	995	993	979	1278	1246	967	1304	911	1261	1382	1297	1173	1129	1086	1965
Charlie5	1168	1147	1392	1566	1583	1199	1557	1141	1295	1469	1507	1157	1150	1194	2004
MLT1E1A-int	15	21	34	40	41	16	30	29	45	29	36	34	27	17	50
(TAAA)n	135	131	131	175	132	113	194	138	126	188	165	145	142	141	231
LTR12F	184	198	233	293	270	207	306	192	295	289	312	281	260	257	427
MER45A	355	302	368	406	394	330	472	354	350	416	491	358	315	365	607
T-rich	7403	7308	8669	9621	10189	8186	10898	7657	8253	9906	8926	7790	7644	7587	13791
(TTTC)n	391	375	367	434	513	410	507	313	361	374	396	338	320	368	615
FLAM_A	4736	4863	5687	6124	6373	5161	7135	5015	5494	6254	6494	5140	4887	5238	9186
(TATAA)n	10	6	8	8	10	9	10	8	9	8	17	14	11	9	8
LTR89	443	451	466	587	565	501	634	489	562	606	598	539	506	449	907
L1PB	450	438	364	453	514	404	470	316	422	436	403	408	389	320	649
Tigger5	1203	1236	1506	1528	1761	1375	1843	1331	1436	1669	1652	1304	1291	1394	2333
(GAAA)n	151	175	185	219	215	180	257	168	209	217	204	186	172	189	313
MLT1H2	840	836	848	1033	966	842	1170	750	916	1077	1015	912	859	847	1434
(CAA)n	396	416	528	534	528	451	652	469	441	541	639	471	400	543	868
(TTTA)n	315	329	441	448	398	400	588	341	328	448	410	294	309	373	595
MamRep605	1498	1601	1739	2010	2247	1658	2285	1583	1796	2027	1994	1719	1682	1760	3189
(CATATA)n	582	553	628	684	754	595	744	530	591	684	630	569	565	520	955
FAM	3283	3286	4123	4176	4458	3525	5100	3171	3866	4396	4656	3743	3537	3717	6315
L1ME3E	2868	3055	3407	3219	3910	3381	3966	2370	2641	3036	2856	2453	2377	2676	4274
LTR33B	462	561	613	669	693	560	715	489	649	747	705	603	596	591	1169
Tigger12c	507	521	534	645	669	512	724	507	483	632	616	508	472	470	902
MER11B	178	171	169	196	209	160	214	144	190	219	189	157	213	168	283
(CACCC)n	464	347	565	586	652	504	688	505	537	649	730	571	504	612	1012
U6	381	402	427	527	591	446	564	440	400	478	447	369	373	370	740
MER8	805	814	948	1068	1137	863	1218	879	982	1123	1141	948	941	938	1575
G-rich	14278	13786	18561	18785	20120	16457	23469	15911	18718	20858	21462	17156	17223	17343	32389
MLT2B3	755	832	881	1008	1035	800	1137	798	972	1151	1115	923	909	917	1649
MER34A	149	148	163	184	184	162	237	150	166	177	204	157	138	154	257
MER4A1	1775	1703	1744	1967	2183	1723	2149	1539	2117	2168	2064	1932	1842	1686	3147
MER4E	269	279	295	326	353	268	355	250	255	293	352	239	210	265	454
L1M2c	49	56	63	59	77	53	71	43	50	56	86	45	46	62	66
LTR64	87	104	122	123	119	106	142	97	146	165	188	125	131	116	236
MLT1H1-int	9	8	11	12	12	11	14	17	23	18	10	20	13	14	23
L1M7	807	896	1021	1109	1064	896	1357	850	944	1115	1170	960	894	945	1633
ERVL-int	138	122	169	198	191	160	209	137	164	199	210	163	165	158	311
CT-rich	24264	23532	31369	34253	34918	27479	39533	28589	30140	35479	36697	29323	28636	30897	54940
LTR22C	172	144	176	191	197	168	241	148	164	195	203	145	147	176	290
(TTG)n	1360	1472	2114	2173	2018	1663	2348	1640	1479	1739	1813	1486	1383	1661	2678
LTR39	757	791	833	943	1151	874	1104	752	916	1064	891	811	871	753	1471
MER103C	2589	2697	3100	3464	3558	2939	3934	2731	2940	3310	3213	2746	2639	2648	4929
LTR37B	267	282	288	300	319	246	372	208	283	313	297	240	235	239	459
C-rich	18104	16030	21862	21995	23480	19612	27912	19417	22550	25665	25115	20479	21220	21486	39103
MLT1E3	1428	1430	1360	1507	1844	1426	1679	1093	1214	1272	1255	1177	1034	931	1788
LTR9B	360	364	356	416	460	401	466	308	449	514	497	409	389	357	716
LTR83	129	124	139	176	183	133	195	122	177	181	228	180	182	155	286
(TAGA)n	167	151	175	192	205	136	214	164	201	203	223	193	158	142	288
MER39B	126	135	138	165	168	134	185	127	147	175	203	139	162	131	279
Charlie20a	97	91	109	97	107	85	126	99	125	112	146	83	92	97	141
(TATATG)n	810	842	987	1077	1213	954	1173	863	981	1112	954	917	938	860	1669
Tigger4b	1200	1212	1347	1478	1650	1237	1628	1152	1365	1512	1541	1211	1218	1175	2224
Ricksha_0	52	55	42	53	47	34	61	28	41	47	50	36	40	37	51
Charlie9	1283	1356	1798	1670	1756	1474	2165	1319	1463	1747	1912	1387	1345	1602	2483
MER31B	215	202	254	337	278	230	314	203	230	254	282	219	190	207	381
(TTAGGG)n	29	21	13	20	22	28	21	21	48	42	32	34	22	23	39
(TCTA)n	457	419	464	414	580	471	576	337	478	559	546	483	408	430	656
tRNA-Gln-CAA_	98	97	152	130	102	93	167	106	189	255	266	191	184	144	321
tRNA-Ser-TCA(m)	12714	11215	12825	14333	10133	10470	15240	8912	11715	13714	15122	11527	10956	8792	17371
MER124	175	180	191	206	254	188	229	175	203	231	183	205	169	177	334
MER5A1	2580	2606	2935	3156	3376	2758	3832	2506	2987	3279	3456	2824	2684	2771	4760
BLACKJACK	1107	948	1082	1058	1357	993	1373	804	909	965	1025	862	796	756	1278
MER67C	216	260	297	332	276	219	364	244	241	270	305	236	226	249	438
(GAATG)n	30	18	20	26	21	20	24	16	22	22	35	15	20	24	43
LTR67B	573	568	724	847	825	605	897	664	771	864	891	696	705	757	1228
LTR79	476	436	506	524	566	407	603	422	503	648	621	486	482	508	897
MER113A	425	357	419	561	518	431	534	438	527	560	535	469	417	433	864
MER44B	431	433	476	522	532	468	572	411	468	541	537	451	402	432	749
MER102c	873	910	1085	1207	1167	906	1323	968	999	1172	1187	887	905	994	1730
MER44D	95	83	104	110	113	96	128	89	110	115	141	103	98	109	143
MER41D	142	159	176	181	184	146	219	140	152	187	179	167	152	101	247
(TCCA)n	1391	1102	1337	1382	1565	1271	1882	1100	1385	1607	1627	1254	1130	1247	2118
Charlie19a	506	525	673	716	690	530	865	500	607	703	714	585	526	585	931
(TATG)n	425	471	483	597	632	499	591	423	464	547	497	486	408	425	789
LTR2C	812	816	1089	1170	1145	965	1333	970	996	1268	1221	969	965	1004	1743
HAL1-3A_ME	1106	1094	1632	1758	1733	1405	1994	1495	1488	1816	1966	1393	1395	1692	3000
BSR/Beta	2126	2120	2698	2586	2923	2175	3191	2109	2752	3047	2997	2512	2464	2474	4389
LTR57-int	70	51	62	80	71	66	86	58	96	74	81	93	60	85	131
LTR49-int	390	430	415	498	508	454	529	367	419	432	409	352	364	363	679
AluYk4	259	245	292	340	318	282	383	261	329	366	416	309	292	319	537
HERVK9-int	1586	1571	1743	2391	1880	1600	2307	1975	2254	2490	2476	2143	2008	1817	3704
MER9a2	124	138	174	215	180	131	229	143	175	184	212	161	167	173	268
MER102a	1324	1328	1703	1973	2014	1516	2207	1608	1732	1951	2021	1636	1532	1657	3055
MER67A	157	134	167	185	193	137	186	125	174	189	180	162	141	156	274
MER2	3022	3126	3514	3837	3934	3170	4490	3110	3249	3801	3831	2984	2971	3065	5391
GC_rich	48710	46696	60626	57525	56416	53040	79566	53592	62926	66844	68517	52387	55322	57241	109179
(CCG)n	9819	9910	13689	12531	14137	12062	17548	11724	13898	14262	15270	12319	12256	12623	23838
HERV16-int	296	288	271	344	315	269	414	256	256	319	369	268	253	272	459
(T)n	7230	6909	8744	9831	10263	7946	10915	7748	8183	10027	9149	7622	7892	7908	14726
(CAGCC)n	190	177	259	263	251	224	329	252	275	303	320	261	262	278	490
(CCCCG)n	974	941	1279	1230	1152	1099	1697	1144	1341	1250	1424	1009	1025	1144	2098
(GGA)n	4415	4032	5439	5796	6307	4913	6932	4932	5175	6331	6182	5201	5032	5046	9473
MER63B	355	404	532	510	540	398	652	422	507	541	601	448	467	455	793
(CATG)n	27	17	18	38	20	32	15	20	18	29	21	21	26	20	35
(CCCA)n	664	522	941	1014	940	699	1361	844	720	841	1018	724	772	923	1374
(CCCCAA)n	44	30	46	53	57	45	88	38	47	42	72	37	43	46	64
MER4A1_	321	344	392	458	424	354	455	399	407	435	444	402	362	382	644
(CCCCAG)n	4044	3430	4833	5155	5419	4320	6425	4488	4717	5477	5538	4601	4534	4578	8185
AluYa5	277	293	311	382	372	316	424	285	381	463	448	347	392	356	627
(CGGGG)n	835	820	1090	1039	891	944	1325	934	1131	1037	1259	852	881	925	2008
(TCCCG)n	4	12	13	12	10	2	10	12	10	15	11	12	10	6	18
(CGTG)n	391	352	468	496	559	463	591	416	471	526	518	463	435	428	835
(CCCCCA)n	196	162	256	305	274	235	312	215	236	304	295	212	227	239	447
LTR13A	332	340	473	416	427	368	600	318	373	447	525	349	329	419	619
(CCA)n	1084	984	1401	1383	1480	1183	1719	1260	1379	1675	1559	1336	1369	1335	2421
MER30	879	890	1016	1113	1092	960	1337	913	1073	1114	1281	996	948	965	1708
(TCCC)n	178	209	245	231	242	218	311	204	251	287	278	256	235	231	457
(ACCTG)n	2	2	3	1	2	2	1	1	2	3	0	1	5	1	2
Arthur1B	155	149	151	180	163	144	218	139	205	208	199	176	168	142	303
(CATCC)n	3	2	3	1	4	1	2	2	2	4	1	1	5	1	4
LTR46	92	103	115	144	121	110	150	116	161	138	140	107	144	112	224
(CTGGGG)n	3759	3372	4923	5271	4946	4055	6182	4610	4849	5443	5673	4424	4357	4966	9129
MER9a1	92	74	80	133	133	87	113	113	159	188	147	156	145	126	321
(CGCGG)n	180	179	239	223	219	192	321	225	210	270	227	201	204	212	420
LTR13	1241	1309	1620	1748	1660	1366	2119	1367	1589	1951	2102	1455	1443	1555	2806
LTR13_	10	18	11	13	14	11	23	14	21	11	16	12	11	13	25
MER54A	1787	1501	1811	1868	2426	1827	2312	1644	1971	2143	1862	1938	1852	1580	3113
MER4B	404	401	419	482	488	419	579	378	480	588	541	496	441	463	794
MER4B-int	309	329	334	369	380	300	446	259	373	404	438	372	331	335	592
AluYf4	158	170	181	264	205	191	266	169	229	260	286	182	209	212	387
(GGGTG)n	523	496	537	578	743	561	694	513	569	696	576	533	543	469	926
(TCTCTG)n	1693	1485	1910	2331	2399	1815	2608	1846	1953	2312	2164	1816	1828	1874	3349
(CACG)n	174	202	230	236	250	168	248	210	223	282	293	216	236	263	471
(CCGCG)n	275	195	250	253	219	264	335	257	329	264	303	201	246	242	530
(GGCTG)n	236	289	479	522	379	330	621	436	333	382	526	310	355	402	742
(CGGGGG)n	217	214	305	299	315	246	397	255	326	338	368	306	278	307	559
(CGGAG)n	93	87	135	121	142	139	170	133	136	144	167	124	143	138	242
LTR16B1	196	184	185	256	293	216	278	169	242	289	255	225	210	187	410
(TGAG)n	16	23	28	21	28	17	38	31	34	34	40	21	27	23	42
MER63D	288	277	324	350	323	288	375	246	321	348	362	283	286	278	471
MER66C	57	67	67	55	62	62	74	40	54	73	84	51	60	56	99
AluYb8	356	338	402	459	467	372	535	331	461	496	509	468	445	421	792
AluYk11	109	89	114	111	124	117	173	78	85	119	125	93	86	90	166
7SLRNA	1121	1117	1163	1457	1634	1219	1581	937	1239	1394	1117	1158	1188	972	1729
MER74B	202	197	264	275	269	219	295	236	215	260	324	238	261	250	425
LTR5_Hs	4922	5244	7515	7177	6688	5675	9454	5377	4651	5608	7184	4291	4611	5692	8363
LTR2B	142	165	169	274	211	178	266	225	207	249	277	188	165	223	426
LTR75	145	147	153	198	170	147	221	140	140	154	187	114	125	125	216
(GGGGA)n	1065	1059	1393	1479	1674	1227	1818	1187	1581	1745	1572	1466	1469	1395	2657
(CGAG)n	72	88	145	111	163	108	192	129	156	146	168	124	148	139	245
HERVIP10F-int	1671	1532	1830	1912	2011	1633	2445	1483	1745	1902	2081	1642	1574	1591	2589
HUERS-P1-int	1512	1568	1793	1533	1807	1491	2180	1314	1789	1970	1954	1628	1641	1476	2409
(CATTG)n	25	21	33	28	37	34	47	32	18	20	26	17	22	11	29
Charlie22a	307	274	377	376	342	303	459	289	313	346	401	323	273	304	501
(CTCGG)n	5	4	10	9	12	4	8	8	6	12	4	3	1	4	11
MER65A	261	234	276	328	319	293	401	277	295	364	328	261	281	288	507
MER65-int	255	237	228	301	277	250	315	260	298	283	306	247	240	214	368
MER52A	618	591	518	650	719	637	693	517	694	794	712	583	625	574	1059
(TTTG)n	921	936	1230	1261	1372	1051	1494	1010	1073	1179	1147	1021	991	1032	1812
(TAA)n	244	265	318	301	334	295	379	235	265	318	312	271	267	252	458
MER52C	1510	1515	1968	1546	1939	1712	2573	1220	1853	2451	2129	1821	1906	1685	2612
MER83	84	75	110	127	110	98	135	103	112	125	167	118	91	135	187
(CAGAGA)n	819	787	1032	1052	1171	916	1387	837	1048	1258	1280	991	1000	1004	1770
(CCCCCT)n	150	91	188	174	178	178	231	179	202	192	200	157	160	145	291
MER113	749	759	885	990	919	836	1161	725	862	1032	1128	779	817	871	1469
LTR26B	35	50	49	47	53	35	59	46	44	52	61	46	47	42	86
LTR42	210	203	249	290	306	250	330	252	274	338	320	236	242	241	398
MER4D	554	631	499	614	624	557	768	378	513	553	559	502	437	408	741
(CAAA)n	325	336	409	440	518	401	483	355	354	447	451	384	326	359	673
Tigger1a_Art	60	60	70	80	86	72	106	72	86	89	68	69	66	65	139
MER65B	19	13	18	20	17	12	32	23	24	22	27	19	17	21	31
L1ME2z	1656	1651	1764	2034	2010	1758	2224	1581	1733	1851	2027	1542	1493	1586	2674
(TAAAAA)n	81	77	84	96	100	85	129	65	72	95	113	83	95	91	173
ORSL-2b	113	129	115	135	150	112	185	81	142	138	165	89	112	104	205
(TCC)n	4935	4507	6078	6500	6910	5333	7607	5529	5838	7171	6819	5716	5766	5719	10666
(TGAA)n	310	324	376	403	422	346	508	320	345	394	409	344	354	361	613
(CAAAAA)n	1550	1499	1944	2057	2098	1714	2266	1642	1715	2059	1854	1596	1566	1660	3009
MamRep1161	711	747	840	1015	992	783	1029	795	864	975	877	816	747	807	1518
Arthur1A	198	229	221	283	295	233	291	236	289	276	284	234	229	206	405
L1MEb	306	362	362	392	493	389	443	310	385	466	469	367	380	372	668
L3b	2265	2354	2714	2989	3064	2644	3575	2328	2585	2874	3012	2453	2442	2424	4301
Tigger15a	1846	1851	2219	2290	2450	1988	2624	1905	1960	2203	2272	2029	1757	1946	3319
AluSq4	494	543	667	691	713	526	799	553	714	720	860	640	550	657	1083
AluYc3	245	266	301	353	359	288	373	283	321	354	370	314	287	324	601
Charlie15a	1512	1570	1852	1839	2085	1704	2285	1479	1683	1966	1870	1653	1561	1540	2770
AluSq10	878	1017	1059	1124	1337	988	1349	905	1050	1198	1250	999	979	1003	1711
(CAAT)n	179	144	142	223	234	182	215	146	160	186	160	170	144	129	272
Tigger2	1138	1196	1328	1316	1338	1199	1724	1030	1397	1604	1680	1321	1345	1281	2044
MER44A	1183	1194	1457	1525	1518	1298	1813	1190	1511	1765	1816	1507	1438	1503	2751
X7A_LINE	155	135	172	201	171	150	191	125	194	189	214	163	152	154	256
MER1B	2081	1980	2405	2476	2636	2133	3120	1967	2297	2684	2900	2302	2126	2291	3716
(GA)n	1012	994	1396	1552	1491	1138	1610	1205	1265	1412	1348	1174	1101	1241	2133
Charlie1	2148	2178	2822	2824	2945	2286	3494	2268	2474	2925	3042	2423	2236	2554	4251
LSU-rRNA_Hsa	38847	38423	46482	54208	40157	38505	58171	41852	63726	72709	81354	58295	55130	46545	95399
ERV3-16A3_I-int	1174	1215	1353	1643	1568	1316	1749	1292	1474	1619	1729	1329	1417	1311	2594
ERV3-16A3_LTR	307	328	333	387	415	355	476	289	329	384	418	326	316	298	583
MLT2D	448	437	537	582	610	478	715	487	527	573	694	487	513	560	901
(CAG)n	7131	6512	9075	9679	10798	8321	11523	8285	9204	10404	10440	9001	8812	8726	16315
Charlie2b	656	643	765	817	845	694	983	640	668	770	840	659	621	669	1197
MER81	391	390	473	476	515	459	623	399	484	563	541	455	444	437	770
MER89	334	342	374	367	440	342	464	307	298	362	411	334	301	330	495
MER91B	636	602	820	861	814	709	1027	687	791	925	892	745	694	780	1335
MER31A	277	279	376	388	361	289	474	303	407	392	486	343	318	376	578
MSTB	2472	2286	2634	2919	3220	2621	3210	2302	2829	3297	3238	2803	2576	2560	4462
LTR18B	39	48	34	39	38	36	45	28	42	46	53	33	45	36	87
(TAAAA)n	208	209	236	296	258	195	256	197	218	272	321	218	245	235	405
(CATAA)n	0	0	0	1	0	2	3	0	0	1	0	0	0	0	0
MER46C	864	859	991	1123	1059	851	1256	863	923	972	1139	829	817	855	1506
LTR81B	67	57	77	105	85	92	107	86	72	82	96	81	76	76	116
LTR40a	223	223	217	217	255	192	301	195	245	255	276	221	221	209	356
LTR81	17	23	36	23	22	24	25	20	27	26	27	23	21	22	42
MER74A	392	395	488	512	550	407	707	433	521	505	635	494	492	462	880
MER63A	496	502	478	574	610	525	672	443	529	651	636	546	505	505	914
(TTCA)n	240	230	270	305	294	262	359	233	248	295	309	213	192	234	371
LTR52	212	201	319	331	316	207	380	266	288	333	396	289	283	334	526
Kanga1	305	264	360	381	421	347	469	355	357	402	434	377	364	384	666
MLT-int	204	182	241	306	284	197	321	267	196	289	261	222	181	230	454
(ATGGTG)n	132	156	207	174	206	143	253	186	171	183	236	172	149	215	311
MLT2C1	463	427	526	502	497	428	662	457	551	627	641	519	482	478	801
X3_LINE	710	702	872	912	990	745	1076	722	904	1056	983	868	834	839	1495
Tigger3c	556	556	775	706	772	616	911	635	689	775	784	638	632	688	1126
MER91A	658	649	824	898	904	711	1094	673	758	893	957	675	741	694	1343
HAL1-2a_MD	943	1030	1187	1338	1673	1164	1882	1170	1388	1462	1626	1368	1298	1277	2299
MLT2B1	306	311	348	420	393	348	406	303	360	433	398	324	323	345	590
(TGGG)n	130	132	137	185	181	141	224	142	158	181	215	136	180	137	295
MER47B	91	100	135	139	137	121	166	116	125	165	141	115	116	110	207
(CGGA)n	169	199	300	254	283	237	355	218	283	289	331	258	266	277	459
(CCCTG)n	194	182	236	253	244	216	347	229	239	270	248	235	246	224	429
(CCCCCG)n	273	253	354	406	348	291	457	332	359	369	392	301	295	335	611
(GCGTG)n	3	3	4	9	6	3	5	1	7	6	7	6	10	10	14
(CCGAG)n	15	22	61	41	53	39	58	35	68	39	63	55	44	53	91
THE1A	1101	1116	1175	1348	1533	1172	1518	1064	1268	1417	1291	1241	1129	1057	2102
MER45B	107	93	113	111	122	93	152	100	121	128	138	102	114	102	204
(TTTTA)n	174	143	190	205	215	210	247	172	199	323	249	234	220	219	386
LTR81C	22	19	22	22	24	30	41	12	32	33	36	24	29	27	42
Tigger2a	798	801	912	1008	1072	904	1159	791	987	1058	1068	856	923	834	1485
MER66B	783	753	1190	861	859	807	1587	695	752	917	1254	773	698	898	1200
MER34C_	38	46	88	80	71	64	78	55	53	82	69	41	56	72	79
MER58C	1134	1149	1368	1453	1591	1278	1547	1152	1237	1385	1412	1232	1119	1085	2070
(CCAA)n	52	52	60	73	76	71	79	70	42	60	78	60	63	60	124
(GGGA)n	84	56	87	91	91	92	115	81	85	95	104	80	105	91	149
(CGAGG)n	41	33	43	28	42	30	45	40	51	30	41	31	26	34	66
(TCCCC)n	51	53	75	71	87	72	90	59	63	65	60	87	79	58	128
(TGGGGG)n	338	279	362	394	437	330	420	332	388	472	406	385	364	359	742
LTR40c	134	154	185	190	182	165	222	125	158	162	170	144	147	147	274
LTR19A	289	261	350	362	429	329	451	325	456	436	497	458	386	357	767
MSTA-int	3791	3549	4464	4246	5186	3773	5771	3502	4338	4449	4740	3997	3738	3842	6217
LTR50	437	430	489	543	616	465	630	439	460	512	568	410	425	425	836
LTR27	409	414	523	604	579	467	670	496	473	554	566	425	422	470	862
MER117	2054	2115	2224	2804	2861	2243	2934	2118	2358	2845	2620	2328	2291	2088	4342
(CAGC)n	23	26	37	35	42	33	64	21	20	34	46	30	39	45	64
MLT1H-int	145	137	163	176	163	163	220	166	180	220	231	174	183	190	296
MER75	362	365	422	410	502	370	497	360	438	478	489	372	414	388	678
MER96	538	503	563	549	651	558	761	438	616	696	750	521	557	531	802
LTR40b	322	298	416	365	311	318	487	283	345	429	559	335	345	424	556
Tigger7	1060	1097	1285	1308	1486	1236	1628	1125	1292	1412	1481	1259	1105	1170	2036
(GGAA)n	153	150	178	206	228	185	234	129	184	196	200	162	160	181	283
MLT1E2	1373	1488	1565	2011	1719	1550	1923	1469	1607	1775	1809	1500	1460	1387	2698
MER107	143	147	175	206	204	144	212	160	212	227	232	200	212	190	347
Arthur1C	44	52	43	57	64	58	73	36	49	59	69	55	37	48	82
MER45C	174	153	141	156	193	160	236	131	169	195	173	162	152	130	235
MER121	15	26	21	26	28	20	33	21	30	20	24	31	21	15	38
L1PA12	830	797	743	814	960	791	1028	705	895	946	954	803	757	722	1267
AluYg6	35	40	49	49	59	57	68	49	60	64	64	50	49	40	103
(ATG)n	10536	10376	13791	15203	16269	12256	17388	12378	13275	15629	14847	13364	12664	13679	25108
(TTA)n	494	531	631	600	733	575	687	512	558	769	695	622	619	490	1028
tRNA-Gly-GGA	11	9	10	7	20	15	13	6	6	10	17	7	6	10	17
UCON16	1	0	1	2	1	1	4	2	0	0	1	1	0	0	6
Eulor10	0	2	2	1	0	1	3	1	2	0	0	0	2	2	1
(GGAGA)n	74	57	73	118	97	78	86	115	84	104	105	77	82	80	178
(TTTAA)n	1	3	0	1	0	0	2	1	0	0	2	1	2	0	2
(TCTCCC)n	124	102	155	166	201	156	200	146	150	183	175	162	149	141	263
(CAGA)n	141	145	232	217	214	208	319	152	183	212	240	184	193	203	370
L1MA5A	664	719	757	864	852	743	1061	709	933	1055	1060	855	876	892	1473
LTR10B1	297	287	345	348	359	293	502	322	321	349	409	309	312	297	535
LTR21B	40	32	61	52	50	43	59	45	44	58	63	53	45	40	86
LTR62	370	430	284	400	445	404	373	290	377	481	325	334	381	278	539
(CAGGA)n	26	27	35	34	35	24	40	32	48	46	27	34	32	30	52
THE1D-int	863	930	1027	964	1179	1033	1279	710	935	1085	929	851	793	759	1267
Charlie4a	851	902	1025	1127	1099	894	1269	872	996	1128	1209	908	869	1000	1687
MER34C2	205	234	262	247	272	198	363	197	217	248	261	188	202	205	346
MER34B-int	3486	3581	4651	4821	4998	3957	5395	3929	3493	4291	3930	3393	3200	3730	6659
MSR1	642	645	832	928	956	761	1137	754	846	978	1065	806	782	788	1482
(TGGA)n	305	305	358	419	389	328	532	312	348	436	457	374	345	373	671
Helitron3Na_Mam	162	152	199	273	257	188	257	195	232	262	262	179	189	205	370
LTR5B	1192	1185	1370	1624	1462	1206	1794	1357	1273	1498	1582	1339	1263	1191	2225
LTR45C	67	65	85	107	76	80	124	70	98	91	110	85	87	82	162
Tigger3d	320	316	463	496	487	375	531	389	382	424	460	344	318	340	704
LTR38	22	23	46	37	38	48	58	24	34	35	45	40	30	38	49
LTR38-int	4	7	3	8	11	6	7	6	4	10	8	6	4	2	13
HERVK13-int	97	96	152	143	107	107	180	119	187	177	262	142	120	189	234
LTR3B_	34	35	44	48	50	36	46	36	33	50	59	34	47	32	67
MLT1E1	328	339	329	463	432	318	465	306	425	463	421	391	410	340	681
LTR78B	160	159	167	217	214	163	220	156	244	255	245	225	208	183	359
Tigger4a	1141	1150	1338	1395	1464	1143	1693	1151	1262	1357	1473	1130	1076	1244	2032
(CACAC)n	41	31	29	48	46	39	68	39	48	56	54	54	57	45	100
LTR3A	620	621	794	853	877	655	997	712	683	836	904	687	705	828	1288
(CAT)n	8167	7762	10589	11042	12561	9281	13587	9673	10711	12832	12568	10926	10558	11249	19590
(GCTG)n	27	21	45	44	27	24	43	35	33	39	45	41	28	40	71
MER77B	240	288	282	316	336	306	421	256	278	343	341	284	287	278	502
LTR33C	135	158	184	195	209	164	200	129	166	204	208	176	180	152	273
Kanga1a	146	146	141	165	183	157	204	146	169	186	187	147	143	150	278
(GAAAA)n	305	313	466	480	479	348	571	420	371	457	442	351	373	394	775
Kanga1d	66	77	75	74	85	56	95	62	59	80	95	74	73	78	113
MLT2B2	290	292	304	324	384	279	381	260	340	405	366	312	333	304	586
(TTTTTA)n	75	86	85	98	99	83	128	68	68	89	93	63	68	74	132
MER85	300	293	338	342	373	308	447	293	329	384	380	322	303	300	550
MLT1J1	556	521	658	708	721	627	887	551	617	682	735	575	581	647	1076
MER92B	474	410	503	539	519	425	658	429	495	532	645	467	480	498	789
LTR10E	106	120	129	119	106	103	163	93	91	104	115	95	82	92	122
MER63C	124	120	147	196	165	156	187	139	133	160	155	113	144	123	260
(ATTG)n	42	27	30	34	32	34	41	30	45	55	45	40	35	37	69
(ATGTG)n	0	0	2	1	0	1	0	1	0	0	1	0	1	0	0
Kanga1b	41	42	39	43	50	32	66	50	47	52	59	34	32	46	70
MLT1F1	987	987	1116	1212	1165	1002	1414	958	1183	1365	1400	1163	1142	1109	2001
polypurine	1602	1660	2248	2309	2500	1869	2710	1973	2049	2438	2586	2128	1958	2120	3689
MamRep4096	64	72	103	113	98	84	135	89	97	115	128	83	78	92	159
MER21B	1446	1380	1480	1505	1591	1401	1928	1150	1376	1510	1666	1184	1252	1287	2018
L1P2	1099	1091	1052	922	1466	1125	1441	884	1449	1678	1444	1274	1362	1135	1923
polypyrimidine	629	592	807	902	849	687	982	729	689	944	839	666	688	719	1303
(TTCC)n	501	499	839	767	686	556	945	626	538	650	751	522	552	654	1050
(CTCA)n	71	62	90	85	112	68	103	71	95	79	93	86	86	78	133
MSTC	483	462	512	549	587	465	714	456	523	572	648	480	456	499	877
MSTB2	252	220	231	272	273	241	315	197	301	265	290	247	207	207	361
(CACCAT)n	197	189	239	233	279	227	330	221	253	284	295	228	269	264	387
MER48	1736	1625	2154	2108	2608	2040	2773	1682	1917	2164	2298	1857	1795	1845	3078
LTR7A	1	1	0	1	1	0	1	1	1	1	0	0	1	0	0
LTR53	155	133	171	185	201	182	202	118	159	182	187	164	164	141	265
MER61B	79	99	89	115	150	102	124	87	117	126	135	130	113	110	150
tRNA-Leu-TTA	0	1	0	1	0	0	1	0	2	0	0	0	0	1	0
MLT1A0-int	204	170	208	236	208	182	226	198	194	214	227	188	181	190	336
LOR1a	146	154	159	169	180	186	255	114	162	210	207	170	154	157	224
LTR33A_	417	366	429	496	531	410	534	423	473	570	453	445	442	417	774
(CTTA)n	7	11	10	7	8	14	16	17	13	18	7	8	6	16	25
MER57B1	135	133	162	161	160	124	160	107	160	170	185	128	122	132	239
(CTATT)n	0	0	0	1	2	0	2	0	3	4	1	1	1	2	0
(CATTC)n	39	32	43	38	47	33	69	29	34	47	64	37	37	36	66
(CACTC)n	6	5	7	4	4	4	6	6	6	4	6	6	8	6	10
LTR16A2	220	200	237	258	280	224	303	202	260	264	265	285	251	238	468
(CACAG)n	18	18	20	28	19	23	34	19	36	34	45	15	12	23	26
(CACAA)n	3	5	3	5	5	1	6	0	5	2	4	3	1	2	5
MER90	119	107	131	130	121	122	172	111	145	168	197	132	108	134	207
LTR1	605	670	669	915	917	731	846	750	880	1046	1024	877	886	840	1901
(TTTTC)n	217	247	274	315	334	264	351	202	218	272	255	181	235	211	456
MER11A	722	685	866	1147	934	711	1014	947	820	863	858	754	714	683	1366
LTR81AB	9	10	11	11	15	11	17	14	6	10	9	15	18	12	13
MER61D	410	403	407	423	455	387	541	294	358	461	494	357	320	321	560
MER61A	2612	2411	2837	2426	3553	2581	3503	1924	2565	2793	2943	2467	2341	2197	3586
X7B_LINE	381	427	467	509	509	435	638	430	450	537	585	475	435	458	747
(CACCT)n	17	12	10	3	11	14	12	7	8	12	13	13	11	8	13
L1PB2	2379	2443	2416	2320	3259	2756	3107	1959	2719	3150	2735	2498	2592	2279	3794
L1P3	739	671	655	851	994	770	984	781	991	1085	954	876	867	719	1426
CR1_Mam	964	825	1020	1140	1177	947	1313	918	1063	1267	1169	1056	937	1038	1765
MER45R	26	31	39	39	37	33	38	34	27	28	46	38	26	32	51
(TTTAG)n	0	0	1	0	0	1	1	1	0	1	0	1	0	1	1
MLT1G	405	348	368	440	418	407	535	343	401	501	501	374	399	372	709
Tigger11a	154	160	197	231	203	160	235	153	187	224	221	176	190	176	314
MER110	84	86	79	99	95	75	122	70	92	91	89	97	81	84	159
MLT1N2	715	771	887	970	918	775	1125	778	848	969	961	807	742	781	1377
LTR66	202	222	172	212	231	234	246	149	176	212	226	195	176	175	291
HERVL66-int	36	26	37	25	38	40	52	40	34	52	53	25	32	27	69
MER54B	120	132	135	144	109	131	184	116	138	177	208	128	133	143	228
MER70A	125	122	149	149	156	120	184	105	118	142	120	122	112	115	205
MLT1E	67	71	63	90	74	72	96	60	68	88	76	60	55	64	124
MamRep564	137	177	538	327	203	201	680	257	180	228	494	175	179	393	429
LTR90B	92	83	85	101	130	91	114	72	107	81	113	83	66	101	139
(TTTTTG)n	1382	1452	1868	1936	2162	1643	2308	1535	1585	1787	1774	1615	1426	1522	2652
LTR16D	47	51	39	60	65	55	77	62	88	97	80	69	58	69	111
MLT1F	1652	1564	1809	2021	2184	1675	2255	1481	1834	2132	2032	1738	1739	1694	3117
LTR24	157	158	140	191	177	128	221	156	150	175	187	151	140	164	281
LTR24B	89	78	105	105	105	88	145	93	77	79	109	74	91	65	129
MLT1J-int	134	141	191	190	167	148	197	142	167	173	190	136	147	141	276
MADE1	390	371	441	463	491	419	524	365	335	413	409	367	298	329	580
LTR48B	333	340	399	472	470	356	476	432	498	527	587	462	455	483	974
MER34-int	261	205	250	273	354	248	340	264	457	472	439	427	386	404	804
tRNA-Glu-GAA	4	5	5	8	10	1	9	9	7	11	7	7	5	3	16
MER70B	74	89	106	90	116	93	121	61	94	120	127	65	78	101	141
LFSINE_Vert	1524	1384	1793	1952	2244	1667	2335	1607	1833	2324	2086	1872	1894	1860	3266
Tigger9b	136	152	185	226	175	168	260	147	166	181	265	158	127	190	298
(TTAA)n	423	443	421	395	414	386	497	267	495	563	512	377	408	351	564
Kanga2_a	609	624	692	787	829	662	886	628	617	660	708	564	581	575	1026
MamGypLTR1a	297	254	230	322	361	291	326	231	297	335	300	314	268	223	416
MamRep38	400	370	481	542	514	434	624	396	442	508	588	404	400	434	818
LTR23	69	88	98	111	115	84	144	77	95	125	129	111	112	84	167
LTR23-int	33	31	34	42	25	31	38	19	35	30	28	14	29	21	37
MER34B	137	122	138	144	152	147	194	122	176	196	172	152	176	128	265
MER34C	36	39	33	37	36	29	41	40	33	29	44	26	30	30	54
MER75A	11	14	13	23	17	16	22	9	18	11	12	10	12	12	33
Tigger2b_Pri	269	346	366	385	334	314	457	300	346	335	401	327	281	341	506
L1M6	10490	10243	12627	12820	15144	11350	15956	11563	14781	16771	15259	14568	13364	13795	24366
(GGGAGA)n	141	134	178	198	194	137	224	156	186	179	156	157	168	128	272
MER34A1	305	334	367	398	422	368	460	342	352	393	400	333	322	314	662
(AAATG)n	20	14	21	29	13	13	23	20	18	18	30	22	26	15	45
MamRep1879	157	136	164	207	209	183	244	157	199	221	251	184	189	159	337
MER94	575	559	645	758	758	620	878	602	659	710	752	586	544	578	1041
LTR16B2	167	171	189	257	203	181	246	179	192	189	240	185	195	146	340
Zaphod3	131	122	174	159	179	159	213	104	154	190	175	149	139	167	263
(CTA)n	260	261	321	256	301	260	453	193	220	253	276	207	224	191	318
(TCTCC)n	12	10	12	13	11	4	11	14	9	15	14	9	11	7	14
LTR33A	334	303	339	409	382	327	448	303	428	444	464	416	350	384	641
MER41A	591	645	719	777	789	635	946	638	740	932	969	769	719	804	1449
MER5C	271	308	315	327	347	305	429	262	305	343	379	315	281	307	425
MLT1C-int	148	147	169	210	142	149	227	153	166	161	237	164	160	157	258
LTR16D2	49	60	49	48	53	44	65	40	53	59	48	37	50	29	68
ORSL	305	329	384	386	407	341	486	322	290	340	394	305	291	364	535
(CTG)n	8859	8682	11509	12447	13337	10378	14706	10543	11407	13176	13259	10757	10902	11529	20870
MARNA	2211	2146	2658	2998	3083	2390	3353	2223	2320	2708	2617	2390	2171	2241	4039
MLT1G1-int	28	29	30	28	36	41	43	29	45	34	31	29	29	29	50
LTR84b	202	186	215	272	225	228	285	165	215	241	260	210	198	208	385
LTR1C	21	12	26	31	26	17	26	20	42	36	38	40	34	36	51
LTR41B	967	1010	1257	1404	1570	1182	1582	1130	1336	1528	1311	1193	1275	1088	2315
(TAGG)n	63	55	79	91	103	82	115	83	72	78	89	66	69	85	128
MLT1B-int	328	280	358	390	436	313	435	353	339	442	342	346	292	331	583
MER105	250	222	259	261	309	259	322	250	307	293	317	269	246	275	453
LTR19B	55	65	79	95	88	57	94	77	68	81	81	64	52	65	121
HERVIP10FH-int	1823	1725	1586	1960	2184	1876	2073	1511	1762	1965	1860	1643	1534	1366	2664
(TCTG)n	416	390	561	582	627	443	659	483	488	581	559	418	450	516	901
Charlie16a	639	581	722	806	813	636	900	586	720	863	810	682	687	675	1297
FordPrefect_a	51	45	38	63	55	41	67	48	65	66	66	64	65	53	101
LTR71B	22	22	31	33	38	30	42	20	33	44	41	26	28	24	42
(TCCTG)n	21	18	18	23	27	17	30	17	19	31	30	18	28	19	38
LTR16D1	131	162	245	206	304	191	307	190	209	207	319	217	168	229	404
Charlie18a	993	1008	1145	1198	1360	1031	1435	932	1040	1187	1132	960	996	1019	1841
MER51E	107	98	130	157	149	122	145	104	185	208	180	149	149	163	246
LTR86A1	140	142	168	176	182	154	197	135	151	151	175	138	154	146	235
U2	90	81	141	123	97	99	140	86	123	109	137	106	102	100	177
LTR75_1	27	32	40	26	33	33	31	31	25	30	30	21	19	39	41
MER72	71	88	79	108	91	76	103	62	85	102	148	85	79	89	158
(CAGGG)n	319	270	319	396	447	342	469	316	415	422	468	367	373	382	655
(TTGG)n	56	54	70	40	69	46	77	50	52	57	71	38	44	68	77
(TCCG)n	16	12	14	20	20	17	20	13	12	15	19	18	14	11	31
(CCTG)n	417	374	543	602	572	442	631	500	502	655	592	527	558	487	1000
MLT1D-int	665	560	678	851	947	648	902	673	783	839	817	795	606	712	1352
AluYa8	99	89	127	143	142	105	149	80	105	140	139	97	84	133	200
LTR12E	45	56	46	42	62	54	74	36	57	76	59	55	59	41	97
(TTCGGG)n	32	24	49	38	51	42	52	30	65	69	37	59	52	35	85
HERVFH21-int	23	26	29	34	29	24	41	27	46	34	43	28	31	43	45
LTR14B	215	201	259	285	288	266	347	235	271	307	335	298	254	293	447
Cheshire	441	469	542	622	550	479	655	426	431	474	536	418	369	465	687
(CCCGG)n	30	41	40	45	33	29	50	47	37	56	59	36	43	56	83
LTR12	240	233	237	284	326	236	297	214	265	300	300	275	299	238	461
(ATTTG)n	0	0	0	0	2	0	0	1	0	1	0	1	0	0	0
MER101	41	57	46	50	52	42	50	26	42	54	57	55	44	44	95
X7C_LINE	183	176	240	236	259	198	324	222	187	240	261	209	179	227	378
LTR36	37	42	46	52	44	42	61	46	47	47	51	39	32	47	78
MER126	37	52	64	71	75	48	80	35	51	71	69	70	52	70	96
UCON22	4	5	7	8	12	8	10	6	9	5	10	9	6	5	13
LTR71A	28	23	32	47	34	35	40	34	39	30	40	31	21	34	41
U13_	200	172	214	212	235	199	242	158	192	216	235	184	175	168	287
(CGGG)n	67	68	95	93	96	77	105	80	85	119	99	102	88	91	154
Tigger14a	536	563	652	726	729	623	794	568	556	725	655	618	551	605	1100
MamRep137	1169	1122	1294	1367	1532	1168	1620	1162	1379	1475	1451	1254	1189	1149	2008
(CCTA)n	10	12	17	6	14	10	12	18	11	9	15	12	10	18	23
Charlie17a	633	636	687	794	835	686	885	654	698	858	862	687	608	694	1270
MER94B	72	74	84	86	88	82	104	68	68	87	84	52	67	78	125
Eulor2A	105	104	127	98	139	109	132	86	106	129	91	91	80	89	176
X9_LINE	103	103	141	134	158	118	171	119	127	147	125	125	106	119	217
UCON20	1	1	3	3	1	1	0	1	2	1	1	0	0	1	2
(CAGGC)n	232	224	247	242	371	265	320	208	297	361	245	253	236	216	432
(TTC)n	1152	1165	1387	1646	1793	1387	1827	1302	1358	1628	1537	1374	1318	1359	2432
LTR86A2	30	38	27	31	33	29	51	29	30	48	43	22	33	32	29
X5B_LINE	213	276	326	331	388	267	378	258	263	318	267	253	234	257	466
U1	27	33	42	65	49	37	60	39	43	57	56	47	30	48	104
(G)n	12	6	14	22	16	11	15	14	11	18	13	10	17	12	23
MLT2C2	165	165	150	193	190	175	237	173	175	171	167	145	143	144	251
Ricksha_c	171	165	273	374	215	164	350	268	200	203	359	158	169	300	411
MLT1G3	503	567	524	650	553	520	755	472	499	594	580	491	481	424	880
(AGTTG)n	0	0	0	0	0	0	0	0	0	0	0	0	0	0	0
(CAGCT)n	8	7	8	13	7	10	16	9	9	16	17	7	8	18	22
MER96B	409	411	424	526	569	427	568	396	453	455	456	442	432	439	654
MER131	1020	1061	1117	1300	1477	1119	1357	925	916	1141	957	921	820	864	1554
MER91C	259	225	318	355	323	279	428	294	332	388	378	265	270	304	495
Charlie24	542	595	734	775	798	622	868	600	679	784	735	637	611	590	1081
(CCGGG)n	45	68	101	98	138	113	148	88	101	112	129	102	99	106	151
Tigger16a	171	175	219	191	264	200	228	158	163	199	191	150	157	166	274
MER75B	3	5	6	2	6	1	11	3	8	5	5	1	3	10	8
5S	176	201	218	273	262	244	302	206	246	266	254	226	200	209	379
(TATTG)n	1	0	0	1	0	0	1	0	0	1	2	0	1	0	3
MER90a	264	241	272	320	312	256	372	230	309	303	314	262	242	268	506
Tigger3b	1611	1695	1932	2084	1993	1647	2469	1598	1790	1903	2134	1577	1621	1792	2748
tRNA-Glu-GAG_	9	8	7	11	6	11	10	5	9	7	3	9	9	6	17
Zaphod	181	191	209	242	232	192	248	204	195	214	238	144	172	208	285
SVA_E	113	142	181	198	172	141	215	161	130	167	182	133	143	151	253
MER84	69	69	96	112	89	88	127	107	72	100	98	68	71	90	169
MER84-int	12	6	6	5	3	7	10	5	14	11	21	6	10	5	12
HY1	177	164	199	203	215	195	281	215	264	254	302	230	239	228	386
(CGGTG)n	7	8	7	12	9	7	11	4	6	5	5	3	9	6	5
(TAG)n	871	764	1125	1012	1088	951	1497	705	901	998	1156	905	814	892	1347
LTR9	589	583	618	632	742	654	856	563	730	852	810	761	663	671	1150
Charlie26a	92	76	124	120	137	98	143	102	108	136	129	111	102	112	181
Charlie21a	4456	4227	4453	4463	6055	4209	5495	3341	2653	2614	2811	2636	2274	2182	3492
MamGypLTR2c	46	72	50	84	98	63	99	66	89	97	85	94	92	81	118
LTR29	384	320	325	361	443	338	485	304	385	473	455	386	339	348	562
Charlie10a	543	514	733	769	770	664	898	671	603	753	796	599	599	734	1213
LTR86C	20	17	26	26	20	20	27	20	23	27	24	19	15	23	36
(TTCTCC)n	479	459	584	624	709	541	814	538	635	794	654	684	611	664	1100
U5	9	12	9	12	9	4	14	8	6	8	12	13	9	16	23
L1M	510	504	483	547	584	516	684	439	461	551	556	446	423	408	686
Charlie2a	440	473	543	534	623	453	721	390	486	549	630	431	438	512	794
MER104	622	637	724	821	837	655	882	639	731	809	887	680	599	714	1264
Kanga11a	1876	1725	1716	1903	2641	1980	2221	1663	2070	2627	1915	2006	2032	1636	3237
MER5C1	79	67	97	75	85	94	109	64	87	96	92	75	65	97	111
Charlie23a	165	164	188	224	201	163	250	143	160	195	191	157	172	168	288
(CTTAT)n	0	0	0	0	0	1	0	0	0	0	0	0	0	0	0
Tigger9a	180	153	145	203	193	155	218	168	176	192	215	149	156	174	269
L1MCb	188	238	181	251	204	195	278	172	248	269	279	229	195	217	412
(CAGG)n	59	50	77	101	99	76	93	87	87	97	109	58	65	80	153
MER51B	470	516	571	713	632	495	693	535	651	720	830	629	607	595	1150
HERV9-int	3843	3588	2956	4230	4835	3903	3893	3526	5025	5513	3832	4688	4628	3149	7819
(CTAAA)n	0	1	0	2	1	0	2	0	0	1	0	0	0	1	1
LTR47A	147	155	151	199	238	176	234	139	157	201	177	160	160	150	281
MER9a3	405	415	493	689	608	499	687	532	520	650	643	508	537	453	986
LTR82A	367	476	422	459	621	427	542	270	311	407	329	312	311	332	536
LTR21A	836	739	1319	989	1267	842	1649	839	1171	1333	1574	1179	1116	1327	1956
HERVL40-int	506	462	645	828	768	597	745	634	637	739	720	607	573	600	1179
LTR77	18	18	19	29	33	23	23	20	29	28	32	26	29	16	36
LTR61	263	289	396	329	352	289	491	284	327	336	414	310	278	373	563
MER106B	224	247	264	324	303	264	347	256	236	287	290	244	253	216	410
Charlie7	1121	1083	1184	1376	1271	1199	1552	1094	1245	1385	1272	1074	1115	985	1844
LTR56	137	139	141	186	164	167	228	140	150	162	184	144	150	152	294
AluYf5	27	20	30	24	36	27	32	21	46	43	40	44	32	31	55
HERVFH19-int	9	8	8	23	14	14	9	9	9	17	9	11	8	6	21
MER110A	3645	3225	3940	3619	4805	3437	5451	2890	3962	4447	4479	3889	3364	3657	5755
AluYd8	14	20	18	13	19	12	19	10	21	19	19	18	15	10	23
MER11D	102	96	104	120	96	82	113	101	97	140	132	107	93	97	177
(GTTTG)n	3	4	1	3	3	2	3	0	3	0	2	4	2	4	5
LTR26E	167	134	143	178	177	149	185	126	204	208	211	184	180	143	308
(TTATG)n	0	3	3	3	2	2	2	0	0	1	4	1	0	0	2
MamRep488	81	76	67	95	115	95	109	83	81	90	77	86	69	67	144
MLT2B5	28	15	36	22	39	25	42	15	28	39	45	17	25	36	56
LTR85b	121	115	97	118	137	142	153	89	119	131	134	136	107	103	162
LTR60	22	23	16	15	25	14	36	23	13	26	20	11	20	14	32
LTR2	659	662	811	912	997	725	1098	713	674	879	844	708	718	739	1163
MER57C1	117	131	132	141	162	118	179	115	153	139	142	135	129	133	216
MER21-int	74	60	90	90	87	57	112	80	90	81	98	93	83	93	146
MER47C	175	164	193	205	202	173	261	181	220	230	250	173	158	218	344
(CCCGAA)n	118	94	170	212	152	133	253	183	149	198	229	146	180	174	334
ORSL-2a	9	26	13	25	22	17	21	15	15	18	32	13	15	14	30
7SK	138	123	155	150	161	128	205	118	156	183	187	157	155	142	244
(TTAAA)n	18	13	8	21	17	13	18	21	10	14	14	12	8	15	18
LTR1D	153	184	163	187	192	144	197	132	211	225	245	206	185	162	387
LTR51	46	50	43	43	52	38	62	29	47	56	65	46	53	39	74
Kanga1c	140	143	172	189	175	149	181	148	133	161	178	146	126	147	260
(TAAG)n	3	2	1	5	7	1	5	1	6	4	3	5	5	3	4
Tigger12A	283	276	334	330	365	286	388	294	313	298	346	283	247	279	501
X7D_LINE	0	0	0	2	0	1	0	0	1	1	0	0	1	3	1
Tigger10	2565	2585	3101	3469	3722	2878	3908	2618	2751	3144	2964	2630	2388	2659	4855
MER106A	184	176	236	263	312	221	339	252	240	263	270	186	215	247	392
LTR84a	104	111	115	131	141	131	147	88	135	115	131	117	135	111	201
Tigger16b	636	618	740	752	885	734	893	637	622	728	721	687	627	548	1050
(CAAAC)n	41	35	40	54	37	43	39	29	37	41	50	34	36	39	68
AmnSINE2	31	24	36	48	34	34	44	50	52	49	56	50	42	55	114
UCON14	10	14	8	16	17	14	17	10	16	19	12	17	9	9	32
UCON29	393	344	473	393	514	433	519	357	406	483	457	389	347	390	669
Charlie13a	165	131	231	194	205	185	282	186	171	202	252	144	171	185	325
MLT2F	505	532	635	620	708	555	815	539	694	825	878	634	676	696	1176
(TCG)n	508	470	600	618	740	582	757	518	568	654	642	565	540	567	941
(C)n	14	14	14	33	21	21	18	24	28	12	25	16	19	23	31
(CTCG)n	67	66	97	92	115	69	125	79	100	98	132	100	71	99	155
Zaphod2	139	137	180	174	199	147	219	145	173	198	198	145	148	176	265
(CAAGC)n	0	0	0	0	0	0	2	0	0	0	1	2	0	0	1
MER2B	496	512	642	620	678	535	766	604	572	592	668	487	526	501	899
AluYh9	10	14	14	17	13	14	15	11	16	14	24	16	19	17	28
Charlie13b	152	143	183	197	177	156	222	139	190	199	170	144	168	165	283
SVA_C	241	246	321	382	323	259	440	325	284	324	371	272	264	287	548
(CATTA)n	118	124	163	177	165	125	193	154	134	147	171	124	106	124	183
LTR43B	24	13	20	25	24	16	35	22	19	25	26	19	17	17	32
(CAGAG)n	1	0	0	3	1	0	2	0	3	2	4	5	1	0	8
(CTAAT)n	14	11	9	14	13	10	10	14	8	10	7	11	7	7	19
HY3	233	264	262	303	318	254	368	242	265	292	332	269	241	298	485
HSMAR1	2711	2800	3372	3379	3835	2992	4369	2782	3467	4020	4116	3362	3086	3562	5785
L1P4a	109	93	123	143	144	104	151	100	130	146	141	136	117	124	176
LTR75B	9	16	10	15	23	8	19	12	19	15	11	19	11	10	24
SVA_B	870	871	1035	1091	1060	914	1306	893	876	1008	1133	772	790	927	1549
MER67B	200	183	216	276	250	174	254	165	222	210	223	166	181	191	340
(TTTCC)n	375	349	460	540	558	388	664	435	542	628	641	595	479	556	1012
U3	30	29	32	48	40	29	36	30	41	31	49	30	27	32	47
MER97c	45	49	60	60	56	59	76	52	54	78	61	56	55	53	82
MLT2E	24	24	28	50	32	23	31	45	40	50	44	38	45	40	63
LTR65	69	88	93	82	98	92	112	43	72	84	91	74	67	92	129
Tigger8	245	219	238	289	302	259	352	226	235	289	307	237	235	243	435
HERV4_I-int	2514	2342	3291	3458	2976	2360	4158	2802	2711	3002	3668	2595	2680	2919	4822
MER68-int	282	279	334	429	390	326	485	346	387	412	385	314	316	313	596
MER70C	18	30	39	22	40	26	25	15	21	37	33	24	22	23	51
LTR10F	205	200	172	235	256	207	243	167	199	229	203	196	194	171	322
MER6	165	149	188	175	189	163	206	151	148	170	166	145	138	139	242
U13	36	29	68	56	58	48	72	43	44	43	56	34	34	39	58
Tigger6b	66	43	51	40	50	49	84	41	57	63	66	43	55	42	75
PRIMA4-int	408	477	397	450	587	473	533	373	474	591	471	526	474	387	775
MER41G	234	256	256	394	306	245	339	236	203	229	206	174	213	173	329
(TTCCC)n	17	14	24	15	26	22	36	17	23	24	23	18	16	14	44
LTR44	34	27	46	23	46	38	49	26	48	40	42	42	25	60	83
LTR45B	95	93	126	139	124	112	150	78	111	125	130	93	84	114	191
MER57A-int	900	907	959	1138	1162	947	1214	842	959	1100	1133	888	930	882	1448
LTR45	19	22	11	32	29	31	40	26	26	34	35	27	35	19	48
Tigger6a	369	338	432	445	483	403	487	358	395	463	486	396	381	388	704
MER101-int	192	222	242	272	249	228	346	228	296	281	276	250	253	271	450
LTR7Y	324	241	432	493	369	245	620	404	278	310	594	266	265	480	674
L1M3f	282	250	328	367	356	298	412	304	349	387	404	352	288	324	606
HERV3-int	487	478	506	655	545	464	617	541	508	650	564	534	517	459	920
GSATII	27	23	32	45	30	35	31	36	52	48	40	35	34	31	72
HERVE-int	255	248	300	360	284	288	432	293	327	358	458	307	290	322	539
GSATX	7	8	3	7	7	7	6	12	22	22	19	17	20	15	38
LTR57	60	56	70	82	70	58	82	49	51	58	72	67	48	60	93
PRIMAX-int	159	141	170	195	217	142	204	139	188	187	212	185	152	193	316
MER110-int	42	28	60	52	37	39	61	34	48	51	49	36	40	36	72
LTR12D	247	254	235	331	293	225	317	260	379	425	356	313	364	286	655
MER30B	75	63	96	96	112	84	89	78	81	96	99	75	91	94	138
LTR88a	42	45	42	43	58	49	52	44	53	43	63	58	41	48	82
MamSINE1	791	736	956	1086	1103	840	1188	924	845	980	1015	858	810	851	1640
LTR10B	14	14	21	26	28	20	34	14	21	25	27	21	28	22	42
LTR14A	80	102	96	98	112	92	164	71	93	104	99	88	76	91	134
LTR22B	29	35	29	30	23	29	56	35	29	51	55	28	41	49	55
MER6C	26	46	56	56	38	31	68	42	26	39	55	25	25	41	53
LTR22A	195	208	241	263	247	222	340	206	247	258	286	220	225	250	382
MST-int	266	267	275	349	343	301	391	257	316	290	349	295	255	283	486
Ricksha	19	14	10	23	27	21	21	13	20	13	21	22	27	14	36
Ricksha_a	15	18	14	19	16	17	24	9	20	9	14	8	13	11	19
LTR80A	17	8	11	17	28	17	13	17	15	16	21	12	10	11	24
MER113B	140	141	155	133	180	139	159	110	144	165	170	114	114	108	200
LTR86B1	116	101	92	132	118	107	143	91	105	117	130	104	103	99	190
MamGypLTR1c	108	99	118	127	137	99	144	121	145	148	165	112	120	122	201
LTR82B	111	110	129	132	146	98	156	98	116	117	135	120	90	104	174
LTR88b	103	94	82	119	114	97	126	80	110	119	132	74	79	103	169
Helitron2Na_Mam	701	756	999	986	1038	824	1134	813	902	1122	937	894	860	853	1703
MLT1F-int	245	239	252	312	320	321	370	254	284	322	308	274	248	320	419
LTR55	29	27	26	22	24	19	48	15	43	37	37	29	40	29	45
MER6A	414	443	493	495	524	451	607	421	496	604	629	527	484	530	817
MLT1I-int	147	160	144	140	143	145	195	104	148	159	127	101	111	112	188
Tigger12	545	566	612	745	798	602	768	646	685	775	799	632	596	695	1214
HERVL74-int	118	117	151	139	157	130	174	148	160	162	200	127	124	146	289
MER135	401	374	442	434	543	393	520	346	346	458	401	355	307	368	627
tRNA-Thr-ACA	0	0	0	0	0	0	0	0	1	0	1	0	0	0	0
LTR32	186	175	197	223	226	167	254	182	205	232	249	195	180	198	319
X1_LINE	1	3	0	3	0	0	2	0	3	3	1	1	2	3	3
LTR16B	76	96	94	90	98	86	116	84	114	107	113	76	78	92	144
MER127	44	34	28	32	45	49	39	29	39	33	27	34	38	30	45
(CATAG)n	0	0	0	0	0	0	0	0	0	0	0	0	0	0	0
(CATCG)n	0	0	0	0	0	0	0	0	0	0	0	0	0	0	0
LTR10D	41	40	43	48	49	33	43	33	26	38	43	34	24	40	68
(TTGTG)n	3	2	6	2	6	3	13	5	6	6	4	6	10	5	17
(AGTAG)n	6	3	7	10	8	5	7	5	5	2	2	3	3	4	9
PRIMA4_LTR	84	74	55	82	75	84	103	74	102	85	100	87	85	75	163
MER57E2	4	3	2	4	6	5	5	2	8	6	4	5	1	4	6
MamGypLTR1d	50	59	55	70	60	53	80	48	53	68	61	33	43	45	101
(GGGAA)n	8	6	7	6	2	2	9	2	9	8	4	5	9	4	3
LTR81A	127	125	140	144	165	136	179	105	137	149	194	113	149	119	221
MER57F	45	50	46	78	58	49	54	42	40	69	68	38	50	47	105
DNA1_Mam	11	13	11	22	7	10	30	13	28	25	27	17	22	18	41
(CTAG)n	0	0	0	0	1	0	1	0	1	0	1	0	0	0	0
U7	20	21	32	30	25	19	43	21	22	27	28	22	14	26	48
(CAGTG)n	2	0	1	7	8	0	2	3	5	5	4	4	8	3	8
MER129	29	32	40	33	43	39	40	29	20	31	42	35	21	37	50
MERX	60	77	59	61	73	62	89	57	95	113	74	70	58	53	116
LTR4	59	65	42	52	69	63	88	44	58	74	69	54	57	58	93
MER87	83	70	79	75	105	74	98	60	76	94	98	58	68	62	142
LTR49	277	261	259	318	350	267	336	231	372	367	384	339	308	255	502
MER51D	39	54	45	67	29	36	69	33	42	44	68	44	35	42	64
tRNA-Asn-AAC	4	1	7	1	2	3	6	0	0	1	0	0	1	0	1
tRNA-His-CAY_	2	3	5	2	6	2	4	2	2	7	2	1	2	3	8
tRNA-Gly-GGG	2	1	3	2	4	3	6	1	3	1	3	3	2	3	4
tRNA-Val-GTG	2	0	1	1	4	1	4	2	2	0	8	0	2	4	3
(CTATA)n	2	3	1	0	6	5	10	1	3	3	5	1	2	3	4
tRNA-Gln-CAG	53	71	77	104	94	81	76	80	73	100	104	61	75	92	167
(CTTG)n	146	163	209	234	223	171	255	179	178	190	230	151	172	166	342
(TATAG)n	18	17	18	25	31	30	20	14	24	38	23	13	19	21	40
MER57B2	1034	1047	1254	1244	1320	1067	1623	964	1374	1442	1573	1226	1150	1251	2032
LTR54B	149	157	170	254	207	174	185	168	212	228	192	189	210	169	382
MamGypLTR2b	71	72	86	81	84	71	107	67	74	78	118	80	91	77	143
MER50C	16	23	18	20	21	24	34	24	29	23	41	22	19	34	49
tRNA-Met_	4	1	1	1	2	2	2	0	0	0	1	2	2	2	1
PABL_B	163	146	200	197	212	177	282	155	189	206	260	180	174	200	300
(TTGGGG)n	38	45	56	66	58	52	51	56	46	45	66	40	53	49	96
LTR15	688	743	851	891	1043	775	957	765	860	930	895	773	736	818	1463
HERV-Fc2_LTR	1	0	0	0	0	1	0	0	0	0	0	0	0	0	0
MER61-int	2241	2382	2135	2408	2526	2245	2672	1682	2302	2552	2336	1941	1998	1766	3248
(AGCTG)n	0	0	1	2	1	0	0	1	2	0	2	1	0	1	1
Helitron1Na_Mam	19	12	12	14	20	16	20	12	20	17	21	15	15	15	25
Helitron1Nb_Mam	32	26	37	25	41	45	57	33	35	45	54	32	30	33	55
X8_LINE	173	204	249	199	242	213	308	206	182	228	233	212	164	219	405
MER4D0	127	156	170	155	243	175	236	159	181	235	188	171	166	138	264
HUERS-P3-int	1425	1312	1330	1612	1574	1458	1796	1292	1629	1836	1679	1565	1470	1279	2395
LTR19C	213	167	226	236	214	194	293	175	256	267	295	202	192	243	359
HERV35I-int	84	76	96	89	98	78	143	81	86	103	89	77	77	77	137
U4	27	22	24	23	23	27	34	16	19	34	28	21	26	21	38
(CTAGGG)n	107	87	120	180	154	124	160	133	99	131	130	117	130	123	239
Charlie14a	374	427	492	503	535	443	556	392	458	571	519	462	455	454	878
MamRep1894	91	104	120	143	126	120	188	113	101	123	136	96	87	136	207
LTR14	47	52	56	61	54	49	81	37	51	79	105	43	54	63	92
HERVK14C-int	41	63	67	85	61	54	106	52	58	76	101	54	63	78	84
MER66A	27	17	21	30	29	34	37	25	37	22	53	23	24	16	46
MamGyp-int	1425	1451	2045	2139	2117	1686	2655	1753	1845	2214	2477	1952	1696	2064	3518
MLT1A1-int	54	64	64	63	79	45	72	66	56	68	101	59	48	67	79
LTR46-int	576	502	454	400	703	536	577	345	643	708	554	611	615	455	773
L1M2a	62	66	64	78	65	65	86	58	92	94	75	61	73	74	97
MER4-int	3821	3765	3248	3789	4567	3725	3961	3057	3931	4273	3608	3633	3497	2862	5427
L1P4e	21	22	14	14	18	21	25	11	22	28	27	28	31	9	25
(CCCGA)n	57	84	115	96	149	111	148	129	115	142	108	116	101	115	204
UCON21	1	0	1	0	0	0	0	2	2	2	0	0	0	0	0
(AGGGGG)n	82	89	96	113	124	85	142	90	104	80	127	94	91	110	181
MLT1A-int	77	83	90	103	99	82	137	73	114	137	113	90	112	90	175
Eulor1	0	5	2	3	1	3	1	4	5	5	1	4	5	2	4
MER73	16	13	15	18	19	18	22	17	16	21	20	29	26	31	47
LTR48	84	77	90	99	110	87	106	88	123	142	135	105	110	93	181
(CAAAG)n	5	7	8	18	6	4	7	12	7	7	16	9	14	13	24
MLT1E3-int	4	8	6	5	2	5	8	7	1	6	8	3	8	4	10
PABL_A	141	158	191	187	217	167	234	152	201	182	229	187	176	181	316
MLT1K-int	22	12	15	14	24	22	18	6	11	22	9	19	13	9	42
MER57-int	857	858	740	1001	1128	956	940	980	1691	1956	1409	1570	1507	1205	2882
tRNA-Val-GTY	1	0	0	0	1	0	1	1	0	0	1	1	1	2	0
MER44C	504	477	574	603	608	491	755	471	622	660	709	536	511	548	900
X6A_LINE	104	103	142	127	175	113	151	113	120	166	174	110	119	137	261
(CCCTAG)n	200	163	219	249	260	189	273	197	203	237	237	210	203	203	352
(GGAGAA)n	102	89	132	138	146	115	182	118	125	169	176	141	130	150	229
MER50-int	704	681	867	1012	1092	779	1219	770	752	951	1015	872	834	804	1593
PABL_B-int	102	108	108	91	138	106	155	94	182	158	192	126	132	138	178
Charlie10b	42	30	46	41	54	43	39	32	44	58	35	34	41	26	68
UCON4	37	52	49	32	45	36	47	35	35	36	40	29	30	34	62
(CATTT)n	42	53	37	49	45	45	52	40	34	40	42	39	49	34	76
MER66D	19	41	26	34	34	24	29	14	27	34	28	23	28	24	56
HY4	67	80	90	99	99	82	98	70	79	91	92	78	70	94	153
LTR87	585	557	654	767	743	602	893	642	754	819	850	716	699	682	1223
HERV1_LTRd	5	7	8	9	8	5	8	2	8	5	6	7	7	5	10
Tigger3	298	320	379	393	400	332	459	313	349	385	425	290	313	360	573
LTR80B	184	140	112	140	158	139	185	107	104	124	120	90	108	90	150
AluYk12	6	7	15	13	11	14	11	8	5	7	8	12	12	8	20
MLT1E2-int	37	41	39	47	41	39	52	39	37	35	48	45	49	41	55
(GCCTG)n	4	3	8	6	5	5	11	10	8	4	17	4	5	6	11
MER57E1	51	42	50	68	57	61	76	43	72	73	70	55	61	50	102
MER41C	732	719	761	772	918	751	1045	647	905	980	1127	803	680	828	1320
L1M2b	19	21	25	21	25	9	28	19	23	24	36	19	20	18	44
(TTAGGC)n	25	25	43	42	39	17	27	24	35	27	42	25	31	25	44
MSTD-int	152	123	137	169	167	143	195	140	168	149	198	130	155	157	256
LTR3B	21	21	26	23	19	26	28	16	23	22	21	18	17	21	39
(GGTTG)n	0	1	2	0	0	0	3	1	1	2	2	0	0	2	1
Looper	133	116	131	134	138	105	152	94	133	121	153	109	95	93	189
Eulor12	0	2	0	2	0	0	3	1	3	5	2	0	2	2	2
LTR5	373	400	517	521	533	429	726	400	386	390	563	380	346	417	647
LTR6A	177	175	232	216	220	173	279	198	187	205	265	179	163	191	281
(CAATT)n	2	0	1	1	4	2	1	0	0	0	3	1	1	0	5
(AATTG)n	0	0	0	0	0	0	2	0	0	0	0	0	0	0	0
MLT1F1-int	59	80	77	53	62	63	109	82	61	89	99	80	83	71	108
(AACTG)n	0	0	1	2	2	0	0	2	5	2	0	0	2	0	4
MER51C	571	527	578	597	763	522	792	460	698	808	838	653	621	613	998
LTR35A	15	14	22	25	19	21	31	21	11	21	20	12	13	16	43
Charlie4	20	37	19	29	16	25	28	17	20	16	21	21	27	19	29
MER97b	15	11	17	21	18	20	28	16	16	19	15	19	19	16	37
Eulor9A	27	36	32	35	36	33	30	19	40	46	27	35	26	32	50
MLT1J2-int	48	46	53	59	59	46	74	41	60	64	66	57	46	47	85
MER34D	28	24	23	36	21	17	21	22	24	45	38	23	25	32	64
MER51-int	380	373	321	605	437	369	367	425	600	630	497	514	479	424	1049
MER65C	588	566	738	864	788	656	982	647	537	705	741	512	590	595	1072
LTR12B	133	119	164	141	184	122	185	96	123	129	165	117	123	118	234
MER57D	40	61	59	75	50	58	57	65	56	49	71	52	47	42	83
(GGAAA)n	9	4	2	7	7	6	9	1	5	10	4	2	1	4	4
U17	62	60	85	72	73	50	114	68	104	113	138	96	84	89	140
LTR35	262	243	246	310	414	296	378	239	297	387	276	297	243	234	447
MER50B	78	82	92	110	107	82	104	80	85	102	108	94	76	97	160
(CCCG)n	49	37	49	26	57	37	79	41	36	52	64	36	42	48	75
(CTCCG)n	1	0	1	0	0	0	0	0	1	0	0	0	1	1	2
(CG)n	39	49	68	63	62	52	85	53	55	73	92	46	55	58	125
UCON19	0	0	0	0	0	0	0	0	0	0	0	0	0	0	1
L1MDb	637	614	764	790	1008	739	1035	634	836	931	913	813	806	750	1349
UCON7	2	0	2	2	2	1	0	0	0	1	1	0	0	1	1
MLT1G-int	52	62	64	57	73	72	109	44	51	61	58	53	43	58	97
LTR31	28	41	24	27	35	35	36	24	31	46	31	37	35	34	53
L1M3c	303	274	281	303	312	281	387	230	264	260	278	231	266	243	351
HERVK22-int	427	443	533	507	524	438	732	429	515	590	599	474	455	424	793
LTR17	2815	2801	2687	3053	4114	3214	3374	2500	3158	3729	2879	3201	3099	2423	4640
MER83B	45	32	48	54	53	39	48	44	45	53	51	53	42	48	90
PrimLTR79	32	34	38	57	42	33	49	33	28	45	44	28	30	35	55
SVA_A	315	319	343	397	399	356	405	271	363	478	428	332	351	359	550
(GAGTG)n	0	4	3	4	1	1	5	4	1	2	2	3	0	0	3
MER74C	9	12	21	27	18	15	33	25	19	19	20	23	19	28	24
(GAGAA)n	56	51	38	51	52	53	67	38	59	61	49	38	40	44	53
(ATAGG)n	0	0	0	0	0	0	0	0	0	0	0	0	0	0	0
MER99	64	74	70	56	90	68	88	71	63	47	74	57	62	59	79
UCON26	15	13	18	29	30	24	27	24	20	35	33	24	26	21	45
LTR88c	444	371	415	410	537	385	473	310	402	422	466	364	337	312	577
FordPrefect	49	34	58	55	49	54	57	52	66	74	92	57	61	55	84
(TCTTG)n	0	0	0	0	0	0	0	1	0	1	0	0	1	1	0
tRNA-Asp-GAY	1	4	15	4	2	3	15	5	1	1	19	0	4	8	2
SSU-rRNA_Hsa	6702	7710	9706	19216	11308	8256	12680	11017	8119	8082	12336	9932	9106	7142	12972
HUERS-P3b-int	304	343	363	319	342	318	460	236	372	403	434	341	328	325	503
(ATATG)n	0	0	0	0	0	2	0	1	0	1	0	0	0	0	0
LTR6B	562	572	587	686	774	601	780	570	905	1057	832	796	772	731	1272
HERVS71-int	1281	1247	1592	1578	1714	1498	1883	1382	1961	2483	2253	1959	1968	1796	3247
HERVK11-int	3080	3140	2876	3514	3371	3011	3614	2636	3614	4195	3731	3532	3383	2699	5605
(AATAG)n	5	4	11	5	5	6	7	3	7	4	6	9	8	3	3
MLT1F2-int	64	76	93	91	104	88	126	75	83	109	105	91	81	81	121
X5A_LINE	160	134	214	205	248	151	249	171	157	166	208	170	143	145	253
LTR90A	62	78	70	86	89	75	86	61	58	88	83	68	68	49	130
THE1-int	36	49	60	58	68	64	97	63	92	67	90	59	55	75	99
(CCTAT)n	0	0	0	0	0	0	0	1	0	0	0	0	0	2	0
LTR86B2	59	53	48	48	78	51	81	46	50	70	49	65	52	43	78
LTR69	14	16	12	16	18	5	13	11	14	12	7	7	14	12	22
ALINE	108	119	139	177	146	115	167	121	149	155	177	136	137	152	248
LTR72B	48	34	33	54	37	42	50	33	69	72	63	61	56	66	107
AluYc5	1	2	2	7	2	7	3	3	4	5	7	2	5	7	15
(TTCTC)n	4	5	6	6	8	9	11	5	8	9	7	8	4	4	20
(CACTG)n	7	0	1	0	1	0	3	5	2	3	2	3	3	2	3
(CAAG)n	29	24	44	37	34	31	28	30	52	36	57	41	35	53	72
HY5	4	4	1	0	3	4	1	0	0	2	3	5	4	1	8
MER89-int	42	53	69	52	66	48	100	47	47	54	76	49	42	51	66
tRNA-Glu-GAG	0	0	0	0	0	0	0	0	0	0	0	0	0	0	0
tRNA-Thr-ACG_	5	13	15	17	12	11	19	12	17	17	15	12	10	12	20
(CCTAA)n	1	0	0	1	0	0	1	0	0	1	0	1	0	0	0
L1MEg1	348	357	362	398	461	385	464	328	458	514	527	413	449	433	748
(CTTTA)n	1	0	0	0	0	0	1	0	0	0	0	1	0	0	1
MamGypLTR3	113	92	112	116	130	123	167	82	77	135	126	78	88	94	180
(CAATC)n	0	0	0	0	0	0	0	0	0	0	0	0	0	0	0
L1M3de	21	21	23	29	41	28	42	19	20	35	22	40	21	28	54
(ACTG)n	3	0	3	7	2	1	9	0	2	2	2	4	0	5	7
UCON12A	8	10	14	6	8	10	11	3	3	6	9	2	10	7	6
Eulor2B	177	179	216	267	301	167	278	215	233	252	252	252	197	191	384
tRNA-Ile-ATA	6	9	12	17	8	11	19	14	12	13	8	12	9	7	18
BC200	139	173	150	189	232	188	189	166	328	285	291	266	239	220	505
(ATAAG)n	0	0	0	0	0	0	0	1	0	0	0	0	0	0	0
LTR43	183	189	251	246	227	216	259	173	166	209	211	183	190	178	295
AluYb9	32	21	34	26	35	21	36	18	43	43	40	38	40	28	51
tRNA-Met	31	23	42	39	32	33	44	40	44	27	18	33	27	29	46
tRNA-Lys-AAG	59	56	76	70	80	66	90	60	73	95	84	62	61	62	121
MLT1N2-int	15	17	24	24	26	11	22	23	13	22	29	14	28	25	51
MER70-int	224	189	255	284	286	231	335	226	263	322	290	236	249	225	444
L1M3d	50	72	61	71	69	72	68	61	83	84	101	77	87	83	130
(CTCTG)n	45	39	67	58	79	52	78	50	52	34	48	36	31	47	74
LTR5A	684	709	677	930	815	745	917	782	946	1039	936	827	886	721	1536
LTR34	44	62	47	73	55	73	86	63	48	59	89	59	42	54	93
L1PBb	149	144	93	105	166	147	173	84	162	164	135	136	145	109	165
(CAACC)n	0	0	3	0	1	1	0	0	0	1	0	0	1	1	1
SUBTEL_sa	3	5	10	7	5	13	10	6	8	5	6	9	10	8	8
tRNA-Thr-ACG	3	1	0	0	0	3	1	0	0	1	2	0	0	1	1
(GGATG)n	14	18	9	18	13	10	12	14	13	13	11	9	11	14	14
MER97a	6	11	7	10	11	4	19	9	8	11	13	6	10	9	13
MLT1H2-int	39	36	43	44	42	30	47	34	39	42	43	42	39	28	62
LTR27B	57	71	68	71	88	72	103	69	70	79	72	65	56	56	132
LTR19-int	50	50	60	85	73	54	82	71	103	104	90	95	88	73	138
tRNA-Ser-AGY	1	2	1	4	0	2	1	2	0	4	4	3	2	1	5
Merlin1_HS	83	78	106	88	98	114	144	118	122	107	119	125	105	111	176
MSTC-int	21	19	25	27	25	26	40	23	28	21	33	26	25	28	46
(AGGTG)n	5	8	8	8	9	8	10	12	9	13	16	8	10	4	10
tRNA-Leu-TTA(m)	1827	1568	2465	2312	1738	1839	3650	1748	3825	4647	5240	3964	3626	3385	6699
MER83B-int	29	30	34	30	45	44	43	38	29	31	35	28	25	26	43
(CAACT)n	25	22	19	25	22	24	30	21	29	27	27	25	27	24	36
UCON5	10	3	4	2	5	5	7	1	5	6	10	7	6	3	2
MER61F	20	29	20	19	26	16	37	22	16	41	21	25	22	15	37
GSAT	1	0	3	0	0	0	1	0	0	1	1	1	1	0	0
Eulor9B	2	3	1	4	3	4	4	6	2	1	1	2	0	4	5
L1P3b	0	5	4	2	5	1	7	4	1	3	4	2	1	5	2
UCON31	5	9	13	11	10	17	9	5	13	13	7	9	7	6	12
MER97d	113	127	117	131	175	118	170	100	146	251	175	176	182	151	265
LTR68	19	9	16	16	19	11	43	19	19	18	19	17	19	15	44
LTR12_	114	101	109	170	126	118	119	117	142	154	160	130	103	107	237
L1P4d	32	23	19	27	28	33	19	15	27	26	20	25	27	16	23
(CACTT)n	4	1	0	1	4	7	3	7	4	1	2	1	1	3	3
(TAATG)n	0	0	1	2	0	0	0	0	0	0	0	0	0	0	0
UCON6	99	109	143	147	159	104	166	110	129	139	151	126	131	126	219
LTR40A1	76	76	83	76	95	80	107	58	83	100	96	73	87	66	131
UCON28b	104	80	75	76	96	84	94	61	74	62	76	79	79	60	92
L1MEa	99	70	95	128	117	89	131	103	99	113	120	82	101	97	187
L1M2a1	37	36	34	26	50	34	35	39	56	59	59	39	46	36	63
(TTCGG)n	0	0	0	0	0	0	0	0	0	0	0	0	0	0	0
MER132	0	3	1	0	0	0	3	0	1	2	0	0	3	1	0
Eulor4	4	3	2	3	3	3	1	2	2	2	5	1	5	1	6
MER125	4	1	2	6	4	5	5	4	3	1	9	2	0	6	6
MER68B	137	147	213	180	158	152	239	152	186	193	254	151	153	150	256
UCON8	20	15	23	24	24	26	31	19	24	21	26	14	21	14	31
(CGA)n	315	281	366	405	400	330	448	360	363	463	439	355	383	386	680
MER123	39	42	31	30	55	41	48	33	28	48	33	26	27	33	67
MER95	87	100	100	97	122	95	150	108	98	83	124	85	76	97	149
(TTCTG)n	0	0	0	1	0	0	0	0	0	0	0	2	0	0	1
Eulor6A	0	0	0	0	0	0	0	0	0	0	0	0	0	0	0
Eulor5A	12	14	7	22	9	13	9	16	16	12	14	9	9	15	22
MER61C	258	309	319	276	344	311	403	230	314	295	341	243	280	266	376
HERVK14-int	139	147	162	196	160	146	230	178	163	142	210	120	141	131	237
MER61E	34	34	41	72	22	44	35	45	49	41	42	28	35	53	91
MER130	5	1	4	5	5	0	2	7	1	4	4	2	1	6	3
MER133A	2	1	0	2	1	1	2	4	1	3	1	1	5	2	0
tRNA-Arg-AGA	1	0	2	1	0	1	3	0	2	2	7	1	0	0	3
HERVL18-int	42	24	37	61	48	40	65	26	56	72	90	73	55	66	95
MER72B	14	14	6	18	16	8	10	10	18	22	13	17	7	10	18
(CATAT)n	8	4	0	9	5	4	2	3	5	4	4	1	2	4	10
Eulor9C	5	3	3	2	1	6	7	3	2	3	6	4	1	5	7
L1M3b	154	134	181	165	143	143	221	132	138	151	214	117	120	155	258
LTR25-int	67	65	97	113	63	54	99	93	75	104	97	58	73	68	149
(CAAGT)n	0	0	0	0	0	0	0	0	0	0	0	0	0	0	0
(CAAGA)n	0	0	0	0	0	0	0	0	0	0	0	1	0	0	0
HUERS-P2-int	87	95	97	133	116	100	100	104	129	132	137	129	130	111	279
L1P4b	11	14	9	15	11	10	11	6	17	18	21	8	14	21	25
MER83C	4	9	5	7	8	10	11	7	6	14	8	6	9	10	11
(TTAGG)n	0	2	0	0	0	0	0	0	0	1	0	0	0	0	0
HERVP71A-int	41	30	38	41	38	28	39	16	26	24	42	25	20	20	34
Eulor3	1	0	0	0	2	0	0	2	2	0	0	0	0	0	0
UCON18	0	0	0	1	1	1	0	1	0	0	0	0	0	0	0
MER101B	12	12	5	4	10	7	9	5	13	7	11	10	6	11	10
Eulor6D	1	2	7	5	2	0	3	1	6	2	4	4	4	3	8
LTR58	99	91	142	123	116	97	129	109	151	170	170	163	166	144	286
tRNA-Arg-CGY_	1	3	4	4	1	1	5	3	5	2	6	1	0	1	2
Eulor8	3	4	6	3	5	3	3	1	5	5	6	0	4	6	2
Ricksha_b	33	23	47	35	37	33	41	30	36	51	42	37	34	38	76
LTR73	98	108	121	129	112	100	148	88	80	80	121	76	72	94	136
UCON25	0	0	0	0	0	0	0	0	0	0	0	0	0	0	0
MER92C	77	72	78	81	81	75	86	68	58	77	73	49	54	59	70
UCON13	1	9	2	7	7	6	3	3	12	8	3	7	6	4	4
MLT1E-int	0	0	2	0	1	0	0	0	1	1	2	0	1	1	1
UCON28c	3	0	0	1	2	3	7	2	1	2	5	1	3	2	6
Eulor6C	0	1	0	0	0	0	0	1	0	0	0	0	0	0	0
X2_LINE	1	2	2	1	0	3	2	1	0	1	0	2	2	2	5
LTR35B	52	51	50	57	49	52	75	49	54	42	53	42	37	31	77
(CCGG)n	0	0	0	0	0	1	1	0	2	0	0	0	0	0	0
tRNA-Phe-TTY	4	3	4	0	2	6	5	1	2	2	7	2	1	0	0
UCON2	142	146	190	219	215	163	263	182	189	192	230	143	167	176	304
UCON15	0	0	0	0	0	0	0	1	0	0	0	0	0	0	2
UCON27	55	71	57	56	101	66	92	49	53	47	43	44	36	39	68
UCON10	0	1	0	0	3	0	0	1	0	0	0	0	1	1	4
Eulor2C	2	0	1	2	2	0	1	2	1	3	0	1	1	1	1
Eulor11	0	0	1	0	2	2	2	0	0	0	1	0	2	1	1
(TTCG)n	0	0	0	0	0	0	0	0	0	0	0	0	0	0	0
MLT1G3-int	15	10	14	28	23	22	15	11	34	30	20	24	20	21	31
(CATGC)n	2	0	1	0	1	1	0	1	0	1	1	2	0	1	1
(CAAAT)n	1	2	1	2	0	0	1	0	2	0	1	1	1	3	1
HERVH48-int	8399	7813	9403	9032	11971	9105	12178	7066	8007	9514	9765	8152	7850	8040	13369
LTR30	74	98	101	120	118	92	139	65	109	117	102	95	79	70	137
LTR52-int	25	21	24	21	16	22	27	24	22	27	33	30	17	26	34
UCON28a	26	28	47	30	42	29	49	20	27	29	35	28	25	27	40
Eulor7	0	0	0	0	0	0	0	0	0	0	0	0	1	0	0
MSTB2-int	14	5	10	12	11	16	14	8	8	13	13	18	10	12	20
MER133B	0	2	3	0	4	1	1	1	5	0	4	1	1	1	3
HERVKC4-int	12	9	14	17	9	14	13	10	16	21	11	13	7	13	27
UCON1	0	0	1	0	2	4	2	3	3	0	1	2	1	2	1
Eulor6B	5	2	3	4	3	1	6	2	2	5	4	6	1	2	2
LTR11	14	8	17	11	5	11	19	9	14	17	16	15	14	8	30
HERVE_a-int	114	99	152	144	158	106	160	113	134	162	166	106	123	124	264
tRNA-Cys-TGY	24	23	23	12	25	23	42	16	31	26	25	25	20	14	35
LTR22	7	13	18	6	19	5	17	13	15	21	15	11	12	13	21
(TAGTG)n	0	2	1	1	2	4	1	0	1	0	6	0	1	0	1
MER134	10	7	16	13	18	13	19	10	12	7	12	11	12	15	23
MER87B	66	64	72	71	80	65	109	60	96	87	102	94	90	82	164
Charlie11	139	188	197	173	209	187	212	128	156	211	199	149	150	164	240
MER88	14	9	17	9	11	9	15	17	16	7	19	11	11	11	28
UCON9	0	0	0	0	0	0	0	0	0	2	0	0	1	1	0
LTR25	100	76	121	102	109	89	145	95	107	107	129	105	113	119	187
LTR3	210	240	374	301	346	267	482	278	352	432	457	348	328	389	660
HERVK3-int	917	943	1237	1282	1247	979	1628	1069	1280	1419	1617	1185	1150	1295	2097
L1P	0	1	0	0	1	0	0	0	1	1	0	0	0	0	0
(CTGTG)n	2	1	1	2	2	1	0	2	4	2	2	1	0	2	1
(CATCT)n	14	9	8	18	12	12	15	12	18	21	10	14	18	11	15
MER83A-int	3	2	7	8	2	3	6	4	7	4	5	4	3	2	7
tRNA-Leu-CTA_	0	0	0	0	0	1	1	0	1	0	0	0	0	0	1
MER92A	15	12	16	23	21	20	22	17	24	21	25	18	20	33	44
tRNA-Gln-CAA	70	88	126	143	120	96	143	95	116	124	125	90	102	95	190
(CTTTG)n	4	2	2	3	2	2	2	2	4	4	1	1	0	4	4
(CTTAA)n	0	0	0	0	0	0	0	0	0	0	0	0	0	0	0
Charlie6	1137	1149	1496	1561	1710	1262	1720	1382	1337	1618	1605	1317	1279	1473	2595
LTR72	41	35	49	53	41	32	66	32	47	51	64	42	45	49	98
(CAATA)n	11	14	12	20	13	11	13	12	6	22	16	23	14	3	27
(CTAA)n	2	1	1	3	0	1	1	4	1	2	2	4	3	0	5
(AGATG)n	3	4	3	4	0	3	4	4	3	6	5	2	4	3	10
tRNA-Met-i	2	0	0	1	0	0	0	1	2	0	0	0	0	1	0
(ATTAG)n	1	2	1	1	2	1	1	0	1	4	4	3	3	2	3
tRNA-Lys-AAA	1	0	2	0	2	3	1	2	3	3	2	0	1	1	0
(CAATG)n	2	0	2	2	1	0	2	2	0	1	5	1	0	0	3
CER	23	24	15	23	30	17	19	14	38	48	29	35	41	12	53
HSAT5	75	81	68	112	99	80	117	93	143	132	134	127	115	104	158
SATR1	177	169	157	184	160	187	227	135	208	223	220	192	174	151	261
ACRO1	2	3	4	2	3	2	4	8	1	4	5	5	3	6	13
(CGAAA)n	0	0	0	0	0	0	0	0	0	0	0	0	0	0	0
HSATII	3	5	6	7	6	4	9	7	8	3	8	2	2	4	9
MLT1E1-int	0	0	0	3	0	0	0	0	0	2	0	2	0	0	1
tRNA-Asn-AAT	1	1	0	0	0	0	3	0	1	0	0	0	0	0	0
(CGGGA)n	340	362	481	509	522	367	588	396	407	531	459	360	445	404	714
tRNA-Ala-GCY_	0	0	0	1	0	0	0	0	0	0	2	0	0	0	0
UCON23	430	359	473	562	581	449	606	501	472	537	444	447	378	399	815
(CGATG)n	0	0	0	0	0	0	0	0	0	0	0	0	0	0	1
tRNA-Ser-TCY	7	16	7	15	6	21	17	11	10	11	14	11	12	14	19
(CAGT)n	4	7	9	10	9	7	10	9	12	7	5	8	7	7	14
Tigger2b	7	10	3	13	8	12	12	12	12	10	15	13	6	5	21
(CTATG)n	1	0	1	1	1	1	0	1	2	1	0	0	1	0	2
MER76-int	51	38	58	70	70	49	76	52	57	66	74	61	40	53	110
tRNA-Ile-ATT	30	34	30	30	42	24	36	28	17	29	37	28	36	33	53
tRNA-Leu-CTG	0	0	0	0	0	0	0	0	0	1	0	0	0	0	1
tRNA-Gly-GGY	4	1	2	3	3	4	6	2	5	3	4	6	5	2	8
(TAAAG)n	2	6	3	1	4	2	5	2	3	4	1	1	1	2	1
LTR14C	17	38	31	32	40	34	43	31	40	48	33	30	21	25	47
tRNA-Pro-CCG	1	2	9	3	1	1	15	2	4	1	6	1	1	5	2
tRNA-Pro-CCY	14	19	25	26	20	16	31	12	15	16	17	11	9	8	25
Eulor5B	0	0	1	1	1	0	0	1	2	1	0	0	2	1	0
LTR38C	34	34	38	55	33	38	53	37	37	46	44	40	32	46	72
HERV1_LTRa	7	14	14	11	13	11	11	14	12	20	12	22	11	12	28
(CCTCG)n	42	54	58	62	69	49	78	57	65	81	76	66	59	65	98
MLT1L-int	17	18	11	19	10	15	19	11	5	14	10	11	12	7	17
tRNA-Tyr-TAC	1	2	0	3	1	0	0	2	3	0	0	1	1	2	3
UCON24	2	0	2	1	0	0	0	0	1	0	2	3	2	0	4
(CCTTG)n	51	44	49	54	72	57	57	54	70	79	77	64	68	66	139
(TCCGG)n	1	1	5	2	4	2	4	2	4	0	1	0	0	2	2
(GTCTG)n	123	92	115	169	118	104	149	120	106	139	154	119	102	127	169
(CAGAA)n	1	3	2	3	3	2	2	5	4	1	3	3	2	2	2
(GTATG)n	2	1	0	2	1	0	2	1	1	0	1	1	2	2	1
(TACTG)n	0	0	0	0	0	0	0	0	0	0	0	0	0	0	0
LTR10G	314	274	259	290	360	317	403	257	308	355	278	292	289	241	473
LTR59	20	23	26	27	32	27	31	22	26	36	28	24	21	16	47
(TTAG)n	10	4	10	11	9	8	14	4	12	16	10	4	10	6	14
(CAGTA)n	2	0	1	0	1	1	2	2	2	2	2	2	2	2	3
(AAGTG)n	0	0	0	1	0	0	0	0	0	0	1	0	1	0	0
MER136	108	98	112	138	153	135	168	101	91	114	96	103	98	84	145
UCON17	0	1	0	2	0	0	1	0	0	0	2	0	1	0	0
(GATTG)n	0	0	0	0	0	0	0	1	1	0	1	0	0	0	0
(CAGTT)n	1	0	2	0	1	0	1	0	0	0	0	0	2	0	0
SATR2	315	323	366	426	320	356	532	329	463	409	396	354	385	320	637
MER57E3	102	75	151	115	125	109	171	127	103	96	142	106	86	127	205
LTR70	684	755	796	727	935	793	994	597	1046	1045	945	875	795	772	1139
Eulor6E	2	0	1	1	6	1	0	2	2	3	3	5	0	5	4
U8	12	14	20	18	11	15	15	9	4	14	15	4	9	6	21
tRNA-Thr-ACY	6	3	12	7	9	4	15	7	11	3	7	4	1	11	4
L1P4c	2	0	0	1	1	0	2	0	1	0	2	0	0	1	1
tRNA-Leu-TTG	0	0	0	0	0	0	1	0	0	0	1	0	0	1	0
HERVK11D-int	19	19	15	33	27	20	15	20	39	17	28	29	16	20	45
(TCTCG)n	0	0	0	0	0	0	0	0	0	0	0	0	0	0	0
(CACGC)n	5	4	13	13	8	7	11	5	13	8	21	12	10	4	18
(CACGT)n	0	0	0	0	0	0	0	0	0	0	0	0	0	0	0
(CATAC)n	6	0	4	4	3	3	1	3	6	2	1	3	1	0	2
(CTACT)n	0	0	0	0	0	0	1	1	0	0	1	1	1	0	0
(CACTA)n	0	1	0	2	0	1	1	0	0	1	1	3	0	2	2
(CGTTG)n	0	0	0	0	0	0	0	0	0	0	0	0	0	0	0
(CAGTC)n	0	1	0	0	0	0	0	0	0	0	0	1	0	0	0
(CGTAA)n	0	0	0	0	0	0	0	0	0	0	0	0	0	0	0
UCON12	0	1	1	0	0	2	1	1	1	0	1	0	0	0	3
U14	68	76	118	102	61	67	141	78	123	109	213	87	82	129	153
(CCCTA)n	0	0	0	0	0	0	0	0	0	0	0	0	1	0	0
HERV15-int	22	31	28	40	30	31	37	29	29	33	34	36	31	29	54
tRNA-Ala-GCY	1	0	3	2	1	2	2	1	1	4	3	1	2	1	1
(CACAT)n	7	6	10	3	4	0	7	2	11	11	10	9	16	15	15
tRNA-Leu-CTY	15	12	13	26	21	10	21	11	20	29	18	19	22	14	29
(GCATG)n	0	0	0	0	0	0	0	0	0	0	0	0	0	0	0
(CGGAA)n	0	0	0	0	0	0	0	0	0	0	0	0	1	0	1
(CGATA)n	0	0	0	0	0	0	0	0	0	0	0	0	0	0	0
(ATCG)n	0	0	0	0	0	0	0	0	0	0	0	0	0	0	0
HERV-Fc1_LTR3	0	1	0	0	0	0	0	0	0	0	0	0	0	0	0
HERV-Fc1-int	72	60	44	77	91	76	77	60	71	81	79	72	70	59	121
tRNA-Val-GTA	2	1	0	2	0	0	2	0	0	0	1	2	2	3	5
REP522	70	89	84	93	106	74	118	65	93	108	133	130	95	103	150
(ATTCG)n	0	0	0	0	0	0	0	0	0	0	0	0	0	0	0
LTR43-int	48	31	43	58	59	41	59	50	57	38	56	54	64	43	76
(CAAGG)n	0	1	0	1	3	2	1	1	1	2	0	2	2	2	3
(CGAT)n	0	0	0	0	0	0	0	1	0	0	0	0	0	0	0
Tigger1a_Mars	2	4	2	2	2	0	1	1	3	5	2	1	3	2	8
(GCTTG)n	2	6	4	3	10	6	8	2	5	7	4	4	2	2	8
HSATI	2	0	2	1	1	5	5	2	0	1	3	0	6	1	4
tRNA-Ala-GCG	0	1	0	0	0	0	1	0	1	1	2	3	1	0	2
(ACATG)n	0	0	0	0	0	0	1	0	0	2	0	0	0	1	0
(TAGGG)n	0	0	0	0	0	0	0	0	0	0	0	0	0	0	0
D20S16	14	15	19	12	19	17	28	13	11	9	13	16	13	16	22
(CAGGT)n	0	0	0	0	0	0	0	0	0	0	0	0	0	0	0
tRNA-Arg-AGG	0	0	0	2	1	0	0	1	0	1	1	1	0	0	3
(CTAGG)n	0	0	0	0	0	1	1	2	0	1	0	1	2	0	2
(CCTAG)n	0	0	0	0	0	0	0	0	0	0	0	0	0	0	0
tRNA-Tyr-TAT	0	0	0	0	0	0	0	0	1	0	0	0	0	0	0
(ATCTG)n	0	0	0	0	0	0	0	0	0	0	0	0	0	0	0
(CATGT)n	0	0	0	2	0	0	1	0	0	1	0	2	0	0	2
Charlie12	33	39	53	74	38	42	60	62	72	78	102	63	47	69	125
HERV1_LTRc	11	2	11	5	3	4	5	4	2	6	12	5	3	5	8
HERV1_I-int	18	15	15	17	15	6	22	16	21	17	33	23	16	13	32
MER9B	18	21	21	42	25	13	17	25	32	50	35	31	20	14	66
(CGAA)n	0	0	0	0	2	1	2	0	0	1	3	3	1	0	1
tRNA-Arg-CGG	0	0	0	0	1	0	0	0	0	0	0	0	0	0	1
(CTAAG)n	0	0	0	0	0	0	0	0	0	0	0	0	0	0	0
LSAU	9	13	4	6	4	6	11	12	21	11	7	16	9	18	21
HERV30-int	10	8	9	12	11	10	9	14	12	8	19	10	8	9	14
(GACTG)n	0	0	0	0	0	0	0	0	0	0	0	0	0	0	0
tRNA-Ser-TCG	0	1	0	0	0	0	0	0	0	0	0	0	0	0	1
(ACTTG)n	0	0	0	0	0	0	0	0	0	0	0	0	0	0	0
tRNA-Ala-GCA	0	0	0	0	0	0	0	0	0	0	0	0	0	0	0
tRNA-His-CAY	0	0	0	0	0	0	0	0	0	0	0	0	0	0	0
(CACCG)n	9	10	11	26	19	14	14	15	7	14	18	9	15	8	12
tRNA-Arg-CGA	0	0	1	1	0	0	2	0	1	0	0	0	0	0	3
HSAT6	0	0	0	0	0	0	0	0	0	0	0	0	0	0	0
(TTCCG)n	0	0	0	0	0	0	0	0	0	1	0	0	0	0	0
(TTTCG)n	0	0	0	0	0	0	0	0	0	0	0	0	0	0	0
(ACTAG)n	0	0	0	0	0	0	0	0	0	0	0	0	0	0	0
(GCCTAA)n	0	0	0	0	1	0	2	0	1	0	0	0	0	1	0
HERV-Fc1_LTR1	7	5	4	10	8	5	9	9	8	10	13	4	2	5	4
MLT1M-int	0	0	0	0	0	0	0	0	0	0	0	0	0	0	1
SST1	206	186	182	289	237	233	265	206	259	332	217	233	250	167	426
(CAGAT)n	9	7	12	7	13	13	20	11	11	6	10	10	9	2	13
(CGGT)n	0	0	1	0	1	0	2	0	2	1	0	2	0	0	4
HAL1N1_MD	0	0	0	0	0	0	0	0	0	0	0	0	0	0	0
(CAGAC)n	0	0	0	0	0	0	0	1	0	0	0	0	0	0	1
(CGAGA)n	0	0	0	0	0	0	0	0	0	0	0	0	0	0	0
(ACGTG)n	0	1	0	1	0	1	0	0	0	0	0	0	0	0	0
HERV1_LTRe	0	3	3	4	5	4	8	1	2	4	2	4	3	6	5
(CAGCG)n	2	3	2	2	7	2	4	2	5	5	5	3	3	3	11
tRNA-Pro-CCA	1	0	0	0	1	0	0	2	1	3	4	0	0	3	3
tRNA-SeC(e)-TGA	0	0	1	0	0	0	0	0	0	0	1	0	0	2	0
tRNA-Ser-TCA_	0	0	1	1	0	0	0	0	0	0	0	0	0	0	0
tRNA-Trp-TGG	1	6	15	7	6	2	25	3	5	2	15	3	4	20	9
tRNA-Thr-ACY_	0	0	0	0	0	0	1	0	0	1	0	0	0	1	1
tRNA-Ile-ATC	0	0	0	0	0	0	0	0	0	0	0	0	0	0	0
HERV1_LTRb	8	5	7	7	10	8	13	7	10	6	14	18	9	11	21
(TTACG)n	0	0	0	0	0	0	0	0	0	0	0	0	0	0	0
(CGAAT)n	0	0	0	0	0	0	0	0	0	0	0	0	0	0	0
(CCGAA)n	0	0	0	0	0	0	0	0	0	0	0	0	0	0	0
SAR	0	0	0	0	0	0	0	0	0	0	0	0	0	0	0
Tigger2a_Car	0	0	0	0	0	0	0	0	0	0	0	0	0	0	0
(ACCG)n	0	0	0	0	0	0	0	0	0	0	0	0	0	0	0
(CACGA)n	0	1	0	0	0	1	0	0	0	1	1	0	0	0	2
(TACGG)n	0	0	0	0	0	0	0	0	0	0	0	0	0	0	0
tRNA-Arg-CGA_	0	0	0	0	0	0	0	0	0	0	1	1	0	0	1
(TTAAG)n	4	1	3	10	4	9	10	8	4	5	5	5	8	5	7
HERV-Fc2-int	4	4	7	5	2	7	5	4	5	6	3	2	5	4	10
Cheshire_Mars_	28	30	42	49	53	47	47	45	35	33	51	39	19	44	83
Charlie1b_Mars	0	0	0	0	0	0	0	0	0	0	0	0	0	0	0
tRNA-Ser-TCA	0	0	0	0	0	0	0	0	0	0	0	0	0	0	0
(TCGGG)n	1	0	0	0	0	0	0	0	0	0	0	0	0	0	0
CheshMITE	0	0	0	0	0	0	0	0	0	0	0	0	0	0	0
(CGCTG)n	2	3	2	1	8	3	3	4	9	3	0	2	2	2	6
HERV-Fc1_LTR2	0	0	3	1	0	2	0	3	2	1	2	3	1	3	4
(CCGTA)n	0	0	0	0	0	0	0	0	0	0	0	0	0	0	0
(CTTCG)n	0	0	0	0	0	0	0	0	0	0	0	0	0	0	0
tRNA-Leu-CTA	0	0	0	0	0	0	0	0	0	0	0	0	0	0	0
(CTTAG)n	0	0	0	0	0	0	0	0	0	0	0	0	0	0	0
(CCGGA)n	0	0	0	0	0	0	1	0	0	1	0	1	0	0	1
(CAACG)n	0	0	0	0	0	0	0	0	0	0	0	0	0	0	0